18 0.46239113222486145 0.17212249208025343 0.0166270783847981 0.004223864836325237
13 0.5186064924782264 0.1805702217529039 0.012668250197941409 0.0021119324181626186
17 0.5201900237529691 0.18268215417106654 0.019002375296912115 0.004223864836325237
13 0.3333333333333333 0.18690601900739176 0.018210609659540775 0.008447729672650475
18 0.3285827395091053 0.18690601900739176 0.0166270783847981 0.007391763463569166
0 0.4924782264449723 0.18796198521647306 0.028503562945368172 0.008447729672650475
2 0.4901029295328583 0.1816261879619852 0.02454473475851148 0.024287222808870117
16 0.4330958036421219 0.19640971488912354 0.0055423594615993665 0.005279831045406547
17 0.4330958036421219 0.20380147835269272 0.0166270783847981 0.006335797254487857
17 0.23436262866191607 0.21541710665258712 0.011876484560570071 0.005279831045406547
18 0.3269992082343626 0.22703273495248152 0.018210609659540775 0.006335797254487857
15 0.2905779889152811 0.2481520591341077 0.001583531274742676 0.0021119324181626186
14 0.18210609659540775 0.28827877507919747 0.0023752969121140144 0.0021119324181626186
2 0.2929532858273951 0.3020063357972545 0.02929532858273951 0.0337909186906019
0 0.2454473475851148 0.3136219640971489 0.0166270783847981 0.012671594508975714
0 0.01583531274742676 0.30834213305174235 0.03167062549485352 0.025343189017951427
0 0.22644497228820268 0.3262935586061246 0.022961203483768806 0.022175290390707498
0 0.5233570863024545 0.17423442449841606 0.00791765637371338 0.012671594508975714
13 0.5193982581155978 0.1795142555438226 0.014251781472684086 0.0031678986272439284
0 0.5162311955661124 0.17317845828933473 0.011876484560570071 0.01583949313621964
13 0.5233570863024545 0.18268215417106654 0.019002375296912115 0.006335797254487857
18 0.5146476642913698 0.18373812038014783 0.012668250197941409 0.004223864836325237
15 0.48139350752177357 0.191129883843717 0.0023752969121140144 0.0021119324181626186
18 0.4742676167854315 0.1900739176346357 0.001583531274742676 0.0031678986272439284
2 0.47268408551068886 0.18373812038014783 0.001583531274742676 0.021119324181626188
19 0.4346793349168646 0.15311510031678988 0.04908946951702296 0.08342133051742344
2 0.4663499604117181 0.18479408658922913 0.011876484560570071 0.023231256599788808
17 0.4323040380047506 0.2016895459345301 0.00870942201108472 0.0031678986272439284
16 0.4386381631037213 0.2016895459345301 0.01583531274742676 0.009503695881731784
13 0.23832145684877276 0.21647307286166842 0.026920031670625493 0.006335797254487857
19 0.5827395091053048 0.17317845828933473 0.05859065716547902 0.10559662090813093
2 0.332541567695962 0.21013727560718057 0.015043547110055424 0.030623020063357972
2 0.3285827395091053 0.20591341077085534 0.01979414093428345 0.04118268215417107
18 0.34600158353127475 0.22808870116156282 0.012668250197941409 0.010559662090813094
0 0.33016627078384797 0.22914466737064415 0.030878859857482184 0.011615628299894404
0 0.2620744259699129 0.24392819429778248 0.003167062549485352 0.004223864836325237
0 0.2596991290577989 0.24498416050686378 0.0023752969121140144 0.0021119324181626186
2 0.2367379255740301 0.23336853220696938 0.022169437846397466 0.0337909186906019
19 0.3262074425969913 0.18479408658922913 0.0894695170229612 0.13833157338965152
0 0.23198733174980204 0.24498416050686378 0.014251781472684086 0.025343189017951427
2 0.19398258115597783 0.2481520591341077 0.022961203483768806 0.03695881731784583
19 0.11084718923198733 0.20908130939809927 0.07363420427553444 0.1235480464625132
2 0.16706254948535235 0.249208025343189 0.03246239113222486 0.05279831045406547
13 0.15122723673792557 0.27455121436114044 0.022961203483768806 0.007391763463569166
19 0.4330958036421219 0.2133051742344245 0.07600950118764846 0.13938753959873285
2 0.3681710213776722 0.2692713833157339 0.023752969121140142 0.026399155227032733
0 0.003167062549485352 0.3136219640971489 0.006334125098970704 0.008447729672650475
19 0.2668250197941409 0.2565997888067582 0.0958036421219319 0.17423442449841606
19 0.5027711797307997 0.2787750791974657 0.0934283452098179 0.1689545934530095
2 0.09817893903404593 0.35374868004223864 0.03721298495645289 0.030623020063357972
12 0.503562945368171 0.42555438225976766 0.09659540775930324 0.1816261879619852
19 0.838479809976247 0.44350580781414994 0.22169437846397466 0.36536430834213307
11 0.27078384798099764 0.73389651531151 0.14410134600158353 0.14783526927138332
19 0.6809184481393508 0.7465681098204857 0.31512272367379257 0.5068637803590285
10 0.4639746634996041 0.6884899683210137 0.49406175771971494 0.6219640971488912
