21 0.8258115597783057 0.03273495248152059 0.05779889152810768 0.06546990496304118
3 0.6334125098970704 0.06019007391763464 0.10292953285827396 0.12038014783526928
7 0.7917656373713381 0.10982048574445617 0.01979414093428345 0.07286166842661035
0 0.053840063341250986 0.25131995776135163 0.011876484560570071 0.014783526927138331
13 0.0498812351543943 0.25976768743400214 0.022169437846397466 0.0021119324181626186
0 0.043547110055423596 0.25448785638859556 0.015043547110055424 0.01900739176346357
18 0.03642121931908155 0.26504751847940866 0.025336500395882817 0.007391763463569166
18 0.006334125098970704 0.27455121436114044 0.012668250197941409 0.004223864836325237
15 0.011084718923198733 0.27455121436114044 0.022169437846397466 0.01689545934530095
6 0.8891528107680127 0.1457233368532207 0.2209026128266033 0.2914466737064414
19 0.10530482977038796 0.249208025343189 0.07759303246239113 0.10982048574445617
19 0.14806017418844022 0.604012671594509 0.29691211401425177 0.3558606124604013
10 0.030878859857482184 0.8363252375923971 0.0625494853523357 0.27243928194297784
