18 0.4932699920823436 0.1341077085533263 0.0166270783847981 0.005279831045406547
13 0.5510688836104513 0.14255543822597677 0.013460015835312747 0.0031678986272439284
17 0.5518606492478226 0.1457233368532207 0.019002375296912115 0.004223864836325237
2 0.5067300079176563 0.14783526927138332 0.004750593824228029 0.0021119324181626186
18 0.3594615993665875 0.14889123548046462 0.015043547110055424 0.007391763463569166
13 0.3642121931908155 0.14994720168954592 0.018210609659540775 0.008447729672650475
0 0.5233570863024545 0.15100316789862725 0.027711797307996833 0.008447729672650475
2 0.5217735550277118 0.1446673706441394 0.025336500395882817 0.024287222808870117
16 0.4615993665874901 0.15945089757127773 0.000791765637371338 0.0021119324181626186
17 0.4592240696753761 0.16578669482576558 0.00870942201108472 0.005279831045406547
17 0.2755344418052256 0.1795142555438226 0.015043547110055424 0.013727560718057022
18 0.3578780680918448 0.1890179514255544 0.01741884402216944 0.006335797254487857
14 0.21852731591448932 0.2470960929250264 0.0023752969121140144 0.0010559662090813093
18 0.043547110055423596 0.26399155227032733 0.011084718923198733 0.007391763463569166
2 0.32066508313539194 0.26293558606124606 0.030878859857482184 0.0337909186906019
0 0.276326207442597 0.2734952481520591 0.014251781472684086 0.012671594508975714
0 0.04275534441805225 0.26610348468849 0.06967537608867776 0.028511087645195353
0 0.2581155977830562 0.28616684266103487 0.022169437846397466 0.022175290390707498
14 0.01583531274742676 0.30306230200633577 0.00395882818685669 0.0031678986272439284
0 0.5542359461599367 0.13621964097148892 0.009501187648456057 0.012671594508975714
13 0.552652414885194 0.14255543822597677 0.01583531274742676 0.004223864836325237
0 0.5486935866983373 0.13621964097148892 0.012668250197941409 0.01689545934530095
13 0.5558194774346793 0.1446673706441394 0.019002375296912115 0.005279831045406547
18 0.5455265241488519 0.1457233368532207 0.01583531274742676 0.004223864836325237
19 0.46872525732383213 0.11087645195353749 0.04829770387965162 0.0781414994720169
15 0.5130641330166271 0.15417106652587118 0.003167062549485352 0.0021119324181626186
18 0.5051464766429137 0.15311510031678988 0.0023752969121140144 0.004223864836325237
2 0.503562945368171 0.1457233368532207 0.001583531274742676 0.02006335797254488
2 0.4972288202692003 0.14783526927138332 0.011876484560570071 0.025343189017951427
16 0.4615993665874901 0.16156282998944033 0.001583531274742676 0.0031678986272439284
17 0.46080760095011875 0.16367476240760295 0.003167062549485352 0.0031678986272439284
13 0.2747426761678543 0.1795142555438226 0.021377672209026127 0.007391763463569166
2 0.36342042755344417 0.17212249208025343 0.014251781472684086 0.030623020063357972
2 0.3602533650039588 0.1689545934530095 0.02058590657165479 0.04012671594508976
19 0.6144101346001584 0.13621964097148892 0.05938242280285035 0.10876451953537487
18 0.3752969121140142 0.1900739176346357 0.011876484560570071 0.010559662090813094
0 0.3578780680918448 0.1921858500527983 0.035629453681710214 0.010559662090813094
2 0.273950910530483 0.19535374868004224 0.01583531274742676 0.03273495248152059
19 0.3586698337292161 0.146779303062302 0.08630245447347586 0.13833157338965152
0 0.26524148851939827 0.20696937697993664 0.014251781472684086 0.025343189017951427
2 0.2288202692003167 0.20908130939809927 0.021377672209026127 0.03484688489968321
19 0.1536025336500396 0.1700105596620908 0.06809184481393507 0.12038014783526928
2 0.2034837688044339 0.21013727560718057 0.030087094220110848 0.050686378035902854
13 0.18844022169437846 0.23442449841605068 0.021377672209026127 0.007391763463569166
19 0.4600158353127474 0.17634635691657866 0.07442596991290577 0.13833157338965152
2 0.39588281868566905 0.23231256599788808 0.022961203483768806 0.026399155227032733
13 0.047505938242280284 0.2713833157338965 0.006334125098970704 0.006335797254487857
13 0.022169437846397466 0.2734952481520591 0.023752969121140142 0.01795142555438226
0 0.026920031670625493 0.27455121436114044 0.05463182897862233 0.01689545934530095
19 0.2953285827395091 0.21964097148891235 0.0894695170229612 0.1689545934530095
2 0.1377672209026128 0.3093980992608237 0.034045922406967535 0.028511087645195353
19 0.5154394299287411 0.25131995776135163 0.08471892319873317 0.16473072861668428
12 0.505938242280285 0.3801478352692714 0.0934283452098179 0.14783526927138332
19 0.8242280285035629 0.4192185850052798 0.23198733174980204 0.35163674762407604
11 0.26999208234362626 0.6589229144667371 0.1163895486935867 0.11932418162618796
19 0.5399841646872525 0.7328405491024287 0.23990498812351543 0.5332629355860612
10 0.440221694378464 0.675818373812038 0.4972288202692003 0.6473072861668426
