18 0.48614410134600156 0.42344244984160506 0.05779889152810768 0.011615628299894404
13 0.49564528899445764 0.42555438225976766 0.04908946951702296 0.012671594508975714
0 0.4592240696753761 0.47412882787750793 0.004750593824228029 0.0021119324181626186
18 0.5114806017418844 0.5026399155227033 0.014251781472684086 0.008447729672650475
15 0.5114806017418844 0.5121436114044351 0.014251781472684086 0.01583949313621964
15 0.5106888361045131 0.5142555438225976 0.01583531274742676 0.014783526927138331
17 0.4386381631037213 0.5258711721224921 0.007125890736342043 0.011615628299894404
2 0.7434679334916865 0.6356916578669483 0.07205067300079177 0.08130939809926083
14 0.1892319873317498 0.7212249208025343 0.08392715756136183 0.03695881731784583
0 0.37292161520190026 0.986272439281943 0.02929532858273951 0.026399155227032733
19 0.6492478226444972 0.43400211193241817 0.022169437846397466 0.04329461457233368
2 0.4837688044338876 0.4614572333685322 0.04513064133016627 0.07391763463569166
2 0.5138558986539984 0.4677930306230201 0.021377672209026127 0.06546990496304118
19 0.3491686460807601 0.4551214361140444 0.08234362628661916 0.13199577613516367
0 0.5051464766429137 0.5269271383315733 0.011876484560570071 0.011615628299894404
0 0.5075217735550277 0.5269271383315733 0.022169437846397466 0.012671594508975714
13 0.4338875692794933 0.5300950369588173 0.018210609659540775 0.014783526927138331
2 0.46872525732383213 0.5068637803590285 0.07046714172604909 0.06441393875395987
2 0.5217735550277118 0.5068637803590285 0.006334125098970704 0.12777191129883844
2 0.6373713380839272 0.5723336853220697 0.000791765637371338 0.010559662090813094
19 0.7466349960411718 0.45617740232312565 0.15518606492478226 0.25448785638859556
19 0.36896278701504354 0.4508975712777191 0.22961203483768805 0.27771911298838436
19 0.9604117181314331 0.3738120380147835 0.07838479809976247 0.44139387539598735
2 0.5811559778305622 0.48996832101372756 0.11322248614410134 0.22597676874340022
13 0.5605700712589073 0.6103484688489969 0.166270783847981 0.009503695881731784
19 0.06334125098970704 0.44561774023231254 0.12668250197941408 0.5607180570221753
