3 0.9722882026920031 0.3400211193241816 0.05463182897862233 0.09292502639915523
21 0.7133808392715756 0.3790918690601901 0.07600950118764846 0.0675818373812038
23 0.7315914489311164 0.3780359028511088 0.1163895486935867 0.12038014783526928
3 0.49802058590657167 0.395987328405491 0.0791765637371338 0.08658922914466737
7 0.7133808392715756 0.44561774023231254 0.0997624703087886 0.06335797254487856
6 0.8741092636579573 0.46673706441393875 0.2517814726840855 0.19640971488912354
19 0.011084718923198733 0.5860612460401268 0.022961203483768806 0.048574445617740235
19 0.015043547110055424 0.8648363252375924 0.030878859857482184 0.19640971488912354
19 0.3618368962787015 0.8690601900739177 0.1417260490894695 0.26187961985216474
10 0.22327790973871733 0.9936642027455121 0.09026128266033254 0.012671594508975714
12 0.02929532858273951 0.9757127771911299 0.05938242280285035 0.04751847940865892
