18 0.4077593032462391 0.07074973600844774 0.003167062549485352 0.0010559662090813093
13 0.4568487727632621 0.07286166842661035 0.0023752969121140144 0.0010559662090813093
17 0.4615993665874901 0.07497360084477296 0.007125890736342043 0.0031678986272439284
0 0.42755344418052255 0.08553326293558607 0.001583531274742676 0.0031678986272439284
0 0.4093428345209818 0.08130939809926083 0.007125890736342043 0.011615628299894404
2 0.4386381631037213 0.08130939809926083 0.023752969121140142 0.02006335797254488
2 0.3919239904988123 0.08553326293558607 0.015043547110055424 0.01583949313621964
16 0.4077593032462391 0.10348468848996832 0.02058590657165479 0.011615628299894404
17 0.4006334125098971 0.10770855332629356 0.01979414093428345 0.005279831045406547
0 0.4505146476642914 0.06546990496304118 0.007125890736342043 0.012671594508975714
13 0.4592240696753761 0.07286166842661035 0.0023752969121140144 0.0010559662090813093
0 0.45368171021377673 0.06546990496304118 0.00791765637371338 0.01583949313621964
13 0.46318289786223277 0.07391763463569166 0.011084718923198733 0.005279831045406547
18 0.4568487727632621 0.07497360084477296 0.003167062549485352 0.0031678986272439284
15 0.42913697545526525 0.08870116156282999 0.003167062549485352 0.0021119324181626186
18 0.4085510688836104 0.0897571277719113 0.00870942201108472 0.0021119324181626186
2 0.4140934283452098 0.08447729672650475 0.003167062549485352 0.01900739176346357
2 0.42121931908155186 0.08553326293558607 0.012668250197941409 0.023231256599788808
19 0.3665874901029295 0.050686378035902854 0.0332541567695962 0.09398099260823653
18 0.4093428345209818 0.09609292502639916 0.00791765637371338 0.005279831045406547
17 0.40300870942201106 0.10665258711721225 0.01979414093428345 0.005279831045406547
16 0.40617577197149646 0.10559662090813093 0.019002375296912115 0.009503695881731784
19 0.5249406175771971 0.06441393875395987 0.057007125890736345 0.10559662090813093
19 0.447347585114806 0.1246040126715945 0.07759303246239113 0.13833157338965152
2 0.3752969121140142 0.18479408658922913 0.012668250197941409 0.022175290390707498
19 0.384006334125099 0.19746568109820486 0.05146476642913698 0.1562829989440338
19 0.6342042755344418 0.22597676874340022 0.14014251781472684 0.20908130939809927
19 0.953285827395091 0.26187961985216474 0.08867775138558986 0.18268215417106654
12 0.6951702296120348 0.32101372756071805 0.056215360253365 0.16050686378035903
11 0.7117973079968329 0.5649419218585006 0.1393507521773555 0.09186906019007392
10 0.8733174980205859 0.5142555438225976 0.25336500395882816 0.49736008447729674
