13 0.37292161520190026 0.024287222808870117 0.014251781472684086 0.0021119324181626186
17 0.3745051464766429 0.026399155227032733 0.01979414093428345 0.0031678986272439284
0 0.36500395882818687 0.03167898627243928 0.001583531274742676 0.0021119324181626186
0 0.3222486144101346 0.03590285110876452 0.004750593824228029 0.005279831045406547
2 0.35233570863024544 0.030623020063357972 0.025336500395882817 0.025343189017951427
2 0.3167062549485352 0.03590285110876452 0.014251781472684086 0.013727560718057022
13 0.21773555027711797 0.0559662090813094 0.022961203483768806 0.008447729672650475
18 0.2121931908155186 0.0559662090813094 0.022169437846397466 0.007391763463569166
16 0.31274742676167855 0.0559662090813094 0.022169437846397466 0.012671594508975714
17 0.3056215360253365 0.06019007391763464 0.019002375296912115 0.005279831045406547
18 0.21773555027711797 0.09926082365364308 0.022961203483768806 0.004223864836325237
17 0.15993665874901028 0.11826821541710665 0.011876484560570071 0.004223864836325237
15 0.19002375296912113 0.11932418162618796 0.04513064133016627 0.022175290390707498
15 0.1892319873317498 0.12143611404435058 0.04671417260490895 0.025343189017951427
2 0.21536025336500395 0.18479408658922913 0.040380047505938245 0.04118268215417107
0 0.17577197149643706 0.2006335797254488 0.01979414093428345 0.021119324181626188
0 0.16706254948535235 0.22280887011615627 0.025336500395882817 0.023231256599788808
0 0.37133808392715756 0.01689545934530095 0.00870942201108472 0.011615628299894404
13 0.37133808392715756 0.023231256599788808 0.018210609659540775 0.0031678986272439284
0 0.36975455265241486 0.01795142555438226 0.012668250197941409 0.02006335797254488
13 0.37767220902612825 0.026399155227032733 0.018210609659540775 0.007391763463569166
18 0.37054631828978624 0.027455121436114043 0.012668250197941409 0.005279831045406547
2 0.3238321456848773 0.0337909186906019 0.0023752969121140144 0.01795142555438226
18 0.32066508313539194 0.042238648363252376 0.00791765637371338 0.0021119324181626186
2 0.32937450514647665 0.03801478352692714 0.011084718923198733 0.023231256599788808
19 0.276326207442597 0.024287222808870117 0.04196357878068092 0.04963041182682154
18 0.31908155186064924 0.04751847940865892 0.007125890736342043 0.005279831045406547
17 0.3087885985748218 0.059134107708553325 0.019002375296912115 0.005279831045406547
16 0.31116389548693585 0.05807814149947202 0.01979414093428345 0.009503695881731784
19 0.44813935075217737 0.03484688489968321 0.03800475059382423 0.06969376979936642
2 0.22327790973871733 0.08130939809926083 0.019002375296912115 0.03273495248152059
2 0.21298495645288995 0.07602956705385427 0.021377672209026127 0.04329461457233368
18 0.23832145684877276 0.09820485744456177 0.00791765637371338 0.013727560718057022
0 0.21931908155186064 0.10242872228088701 0.03483768804433888 0.012671594508975714
13 0.16072842438638163 0.12038014783526928 0.014251781472684086 0.006335797254487857
19 0.1892319873317498 0.06230200633579725 0.10768012668250197 0.12565997888067582
0 0.18131433095803642 0.12249208025343189 0.03800475059382423 0.01583949313621964
0 0.1789390340459224 0.12249208025343189 0.03642121931908155 0.01689545934530095
2 0.14410134600158353 0.12038014783526928 0.02058590657165479 0.029567053854276663
0 0.14093428345209819 0.133051742344245 0.014251781472684086 0.028511087645195353
19 0.3309580364212193 0.07708553326293559 0.0831353919239905 0.14361140443505807
2 0.27078384798099764 0.14149947201689547 0.025336500395882817 0.027455121436114043
2 0.10847189231987332 0.14255543822597677 0.026920031670625493 0.04118268215417107
2 0.08471892319873317 0.14783526927138332 0.040380047505938245 0.057022175290390706
13 0.0728424386381631 0.17845828933474128 0.03167062549485352 0.006335797254487857
19 0.01583531274742676 0.10982048574445617 0.03167062549485352 0.1446673706441394
19 0.20902612826603326 0.1457233368532207 0.11084718923198733 0.1795142555438226
2 0.052256532066508314 0.26187961985216474 0.035629453681710214 0.01795142555438226
19 0.4742676167854315 0.17845828933474128 0.11401425178147269 0.21541710665258712
12 0.5241488519398259 0.27560718057022177 0.05938242280285035 0.16473072861668428
19 0.7719714964370546 0.2470960929250264 0.10926365795724466 0.25131995776135163
19 0.050673000791765635 0.4065469904963041 0.1021377672209026 0.2893347412882788
11 0.4758511480601742 0.5195353748680043 0.1377672209026128 0.0908130939809926
10 0.672209026128266 0.4677930306230201 0.222486144101346 0.49736008447729674
19 0.8733174980205859 0.5300950369588173 0.25257323832145684 0.49947201689545934
