13 0.5653206650831354 0.8405491024287223 0.018210609659540775 0.030623020063357972
15 0.552652414885194 0.8574445617740233 0.08076009501187649 0.01583949313621964
17 0.8859857482185273 0.8933474128827877 0.030087094220110848 0.027455121436114043
15 0.7244655581947743 0.8848996832101372 0.33570863024544734 0.05385427666314678
2 0.4924782264449723 0.9102428722280888 0.04117181314330958 0.042238648363252376
15 0.7292161520190024 0.8975712777191129 0.33650039588281866 0.08025343189017951
18 0.9556611243072051 0.9197465681098205 0.08788598574821853 0.06335797254487856
0 0.613618368962787 0.9176346356916578 0.14806017418844022 0.11087645195353749
18 0.6785431512272367 0.9693769799366421 0.013460015835312747 0.007391763463569166
0 0.46951702296120346 0.9904963041182682 0.006334125098970704 0.012671594508975714
2 0.42992874109263657 0.9883843717001056 0.08471892319873317 0.023231256599788808
19 0.08471892319873317 0.05279831045406547 0.16943784639746634 0.10665258711721225
2 0.5494853523357086 0.8363252375923971 0.02454473475851148 0.03695881731784583
2 0.5352335708630246 0.8384371700105596 0.006334125098970704 0.0337909186906019
2 0.5637371338083927 0.8405491024287223 0.025336500395882817 0.03484688489968321
0 0.5748218527315915 0.8521647307286166 0.03246239113222486 0.025343189017951427
13 0.56215360253365 0.8616684266103485 0.0332541567695962 0.005279831045406547
19 0.6785431512272367 0.7243928194297783 0.1187648456057007 0.2925026399155227
13 0.6848772763262074 0.8711721224920802 0.02058590657165479 0.004223864836325237
0 0.6753760886777513 0.8384371700105596 0.0332541567695962 0.06969376979936642
2 0.6476642913697546 0.8310454065469906 0.053840063341250986 0.0908130939809926
2 0.6199524940617577 0.8183738120380147 0.060174188440221696 0.12143611404435058
13 0.5961995249406176 0.877507919746568 0.003167062549485352 0.004223864836325237
2 0.8083927157561361 0.8479408658922915 0.12668250197941408 0.09186906019007392
13 0.8685669041963578 0.8933474128827877 0.07046714172604909 0.028511087645195353
19 0.24386381631037213 0.8289334741288279 0.08867775138558986 0.1805702217529039
2 0.9445764053840063 0.7486800422386484 0.110055423594616 0.3484688489968321
0 0.8250197941409343 0.9091869060190074 0.17656373713380838 0.029567053854276663
0 0.8131433095803642 0.9081309398099261 0.19477434679334918 0.03273495248152059
19 0.4513064133016627 0.7719112988384371 0.12034837688044339 0.3273495248152059
0 0.6730007917656373 0.9640971488912354 0.015043547110055424 0.009503695881731784
0 0.931908155186065 0.9461457233368532 0.13618368962787014 0.05385427666314678
2 0.5154394299287411 0.9609292502639916 0.050673000791765635 0.0559662090813094
18 0.9311163895486936 0.9820485744456178 0.1369754552652415 0.03590285110876452
19 0.2755344418052256 0.7961985216473073 0.25336500395882816 0.4065469904963041
