18 0.9714964370546318 0.5300950369588173 0.056215360253365 0.027455121436114043
17 0.8788598574821853 0.5438225976768744 0.009501187648456057 0.005279831045406547
15 0.7885985748218527 0.5448785638859557 0.2161520190023753 0.03167898627243928
13 0.5661124307205068 0.5512143611404435 0.019002375296912115 0.027455121436114043
15 0.5510688836104513 0.5638859556494192 0.06096595407759303 0.009503695881731784
15 0.7917656373713381 0.5522703273495249 0.21456848772763262 0.044350580781414996
2 0.4996041171813143 0.6050686378035903 0.0332541567695962 0.03167898627243928
14 0.723673792557403 0.6230200633579726 0.03642121931908155 0.023231256599788808
18 0.6714172604908947 0.6356916578669483 0.027711797307996833 0.007391763463569166
0 0.6286619160728424 0.6019007391763463 0.1369754552652415 0.08130939809926083
0 0.5288994457640538 0.6663146779303062 0.00395882818685669 0.008447729672650475
14 0.9501187648456056 0.6737064413938754 0.0831353919239905 0.014783526927138331
0 0.6167854315122724 0.6684266103484688 0.0395882818685669 0.03590285110876452
2 0.5653206650831354 0.6599788806758183 0.07046714172604909 0.08870116156282999
19 0.442596991290578 0.3790918690601901 0.11243072050673 0.07074973600844774
2 0.9738717339667459 0.44667370644139387 0.05146476642913698 0.1583949313621964
0 0.7260490894695171 0.5227032734952481 0.02454473475851148 0.03590285110876452
13 0.8622327790973872 0.5438225976768744 0.012668250197941409 0.008447729672650475
2 0.8242280285035629 0.5237592397043295 0.08234362628661916 0.048574445617740235
18 0.9612034837688044 0.5438225976768744 0.07759303246239113 0.01795142555438226
0 0.9374505146476643 0.5480464625131996 0.06809184481393507 0.012671594508975714
0 0.8305621536025336 0.5501583949313622 0.06967537608867776 0.012671594508975714
0 0.8392715756136183 0.5522703273495249 0.11322248614410134 0.012671594508975714
2 0.5637371338083927 0.5480464625131996 0.022169437846397466 0.023231256599788808
2 0.55027711797308 0.545934530095037 0.01979414093428345 0.028511087645195353
2 0.6880443388756928 0.5279831045406547 0.03800475059382423 0.06863780359028511
2 0.6595407759303247 0.5195353748680043 0.04513064133016627 0.08764519535374868
13 0.6373713380839272 0.5628299894403379 0.00870942201108472 0.0021119324181626186
0 0.5748218527315915 0.5575501583949314 0.026128266033254157 0.01900739176346357
13 0.5542359461599367 0.5659978880675819 0.001583531274742676 0.0010559662090813093
2 0.5360253365003959 0.5522703273495249 0.014251781472684086 0.03167898627243928
19 0.26365795724465557 0.53220696937698 0.060174188440221696 0.1583949313621964
19 0.6682501979414094 0.47729672650475186 0.10055423594615993 0.2914466737064414
19 0.4758511480601742 0.4952481520591341 0.07442596991290577 0.25448785638859556
13 0.6920031670625495 0.6325237592397043 0.014251781472684086 0.0021119324181626186
11 0.019002375296912115 0.6156282998944034 0.03800475059382423 0.03801478352692714
2 0.5518606492478226 0.6240760295670539 0.03246239113222486 0.028511087645195353
0 0.6761678543151227 0.6314677930306231 0.03642121931908155 0.022175290390707498
19 0.948535233570863 0.5036958817317846 0.10292953285827396 0.28511087645195354
2 0.7996832937450514 0.7497360084477297 0.1536025336500396 0.14149947201689547
19 0.33729216152019004 0.42027455121436114 0.6334125098970704 0.8405491024287223
