2 0.5756136183689627 0.35374868004223864 0.030878859857482184 0.030623020063357972
13 0.5193982581155978 0.3632523759239704 0.03800475059382423 0.04329461457233368
15 0.5209817893903405 0.37697993664202745 0.09659540775930324 0.022175290390707498
14 0.721298495645289 0.529039070749736 0.07521773555027712 0.044350580781414996
18 0.5771971496437055 0.5628299894403379 0.03721298495645289 0.027455121436114043
0 0.5360253365003959 0.5026399155227033 0.22169437846397466 0.19429778247096094
2 0.5471100554235946 0.34635691657866946 0.026920031670625493 0.0454065469904963
2 0.5281076801266825 0.3505807814149947 0.030878859857482184 0.046462513199577615
2 0.5336500395882818 0.3590285110876452 0.034045922406967535 0.046462513199577615
17 0.5510688836104513 0.3790918690601901 0.025336500395882817 0.008447729672650475
19 0.17339667458432304 0.30623020063357975 0.1330166270783848 0.16261879619852165
13 0.5447347585114806 0.38542766631467795 0.01741884402216944 0.006335797254487857
0 0.5344418052256532 0.37697993664202745 0.04513064133016627 0.03273495248152059
19 0.4323040380047506 0.24287222808870115 0.15043547110055425 0.4065469904963041
13 0.5225653206650831 0.4508975712777191 0.07205067300079177 0.023231256599788808
19 0.7046714172604909 0.249208025343189 0.18210609659540775 0.498416050686378
13 0.34837688044338877 0.5089757127771911 0.08076009501187649 0.01900739176346357
2 0.2454473475851148 0.4276663146779303 0.13143309580364212 0.23231256599788808
13 0.6215360253365004 0.5491024287222809 0.0332541567695962 0.024287222808870117
0 0.5961995249406176 0.5617740232312566 0.06809184481393507 0.0675818373812038
2 0.16072842438638163 0.4941921858500528 0.12984956452889945 0.21436114044350582
