3 0.9619952494061758 0.26715945089757126 0.07600950118764846 0.09292502639915523
21 0.7102137767220903 0.3041182682154171 0.07205067300079177 0.06546990496304118
23 0.7205067300079177 0.29989440337909185 0.11401425178147269 0.11721224920802534
3 0.4948535233570863 0.31890179514255546 0.0768012668250198 0.08658922914466737
7 0.7094220110847189 0.36747624076029567 0.09422011084718923 0.061246040126715945
6 0.8749010292953285 0.3864836325237592 0.2501979414093428 0.17740232312565998
19 0.01979414093428345 0.5248152059134108 0.040380047505938245 0.10559662090813093
19 0.42992874109263657 0.7824709609292503 0.10372129849564529 0.2967265047518479
19 0.06492478226444973 0.7961985216473073 0.12984956452889945 0.2819429778247096
10 0.3285827395091053 0.9155227032734953 0.23832145684877276 0.1689545934530095
12 0.13380839271575615 0.9070749736008448 0.10372129849564529 0.18479408658922913
