18 0.4323040380047506 0.05807814149947202 0.02058590657165479 0.0031678986272439284
17 0.4806017418844022 0.06230200633579725 0.000791765637371338 0.0021119324181626186
0 0.4433887569279493 0.07391763463569166 0.000791765637371338 0.0010559662090813093
0 0.4251781472684085 0.06863780359028511 0.007125890736342043 0.011615628299894404
2 0.4552652414885194 0.0675818373812038 0.025336500395882817 0.023231256599788808
2 0.4053840063341251 0.07497360084477296 0.015043547110055424 0.01689545934530095
13 0.3475851148060174 0.08870116156282999 0.022961203483768806 0.006335797254487857
18 0.3428345209817894 0.0897571277719113 0.023752969121140142 0.006335797254487857
16 0.4235946159936659 0.0908130939809926 0.021377672209026127 0.012671594508975714
17 0.4172604908946952 0.09503695881731784 0.02058590657165479 0.005279831045406547
18 0.3475851148060174 0.133051742344245 0.02454473475851148 0.005279831045406547
17 0.29849564528899447 0.15100316789862725 0.010292953285827395 0.004223864836325237
15 0.33016627078384797 0.15311510031678988 0.04592240696753761 0.021119324181626188
15 0.3285827395091053 0.15522703273495247 0.04829770387965162 0.025343189017951427
2 0.3586698337292161 0.21752903907074975 0.034045922406967535 0.04118268215417107
0 0.3222486144101346 0.23336853220696938 0.018210609659540775 0.02006335797254488
0 0.32066508313539194 0.2555438225976769 0.025336500395882817 0.024287222808870117
18 0.11084718923198733 0.27243928194297784 0.034045922406967535 0.008447729672650475
0 0.11243072050673 0.2734952481520591 0.0768012668250198 0.03801478352692714
13 0.0166270783847981 0.34107708553326294 0.018210609659540775 0.022175290390707498
0 0.46872525732383213 0.04963041182682154 0.007125890736342043 0.009503695881731784
13 0.4821852731591449 0.061246040126715945 0.004750593824228029 0.005279831045406547
15 0.44418052256532065 0.07602956705385427 0.0023752969121140144 0.0021119324181626186
18 0.4243863816310372 0.07708553326293559 0.00870942201108472 0.0031678986272439284
2 0.42992874109263657 0.06863780359028511 0.003167062549485352 0.025343189017951427
2 0.43705463182897863 0.07180570221752904 0.012668250197941409 0.025343189017951427
18 0.4243863816310372 0.08342133051742344 0.00870942201108472 0.005279831045406547
19 0.3737133808392716 0.04329461457233368 0.047505938242280284 0.08658922914466737
17 0.4164687252573238 0.09398099260823653 0.013460015835312747 0.004223864836325237
16 0.42280285035629456 0.09292502639915523 0.02058590657165479 0.009503695881731784
19 0.5431512272367379 0.05279831045406547 0.057007125890736345 0.10559662090813093
2 0.35391923990498814 0.12143611404435058 0.01583531274742676 0.02006335797254488
2 0.3404592240696754 0.11087645195353749 0.013460015835312747 0.0454065469904963
19 0.31274742676167855 0.07180570221752904 0.110055423594616 0.12882787750791974
18 0.3665874901029295 0.133051742344245 0.004750593824228029 0.012671594508975714
0 0.34837688044338877 0.13621964097148892 0.030878859857482184 0.014783526927138331
13 0.3000791765637371 0.15205913410770855 0.012668250197941409 0.007391763463569166
0 0.3182897862232779 0.15522703273495247 0.03246239113222486 0.01583949313621964
0 0.3167062549485352 0.15522703273495247 0.0332541567695962 0.01689545934530095
2 0.2850356294536817 0.15311510031678988 0.01741884402216944 0.029567053854276663
0 0.2889944576405384 0.16578669482576558 0.012668250197941409 0.028511087645195353
19 0.4679334916864608 0.11087645195353749 0.0791765637371338 0.14361140443505807
2 0.3950910530482977 0.17317845828933473 0.018210609659540775 0.024287222808870117
2 0.26365795724465557 0.17529039070749736 0.018210609659540775 0.04012671594508976
2 0.24386381631037213 0.1795142555438226 0.034045922406967535 0.05807814149947202
13 0.23198733174980204 0.21119324181626187 0.0332541567695962 0.006335797254487857
19 0.11955661124307206 0.14044350580781415 0.09501187648456057 0.14994720168954592
19 0.3808392715756136 0.17845828933474128 0.10530482977038796 0.1816261879619852
13 0.12589073634204276 0.27983104540654696 0.023752969121140142 0.008447729672650475
13 0.1060965954077593 0.28827877507919747 0.03721298495645289 0.01689545934530095
0 0.11243072050673 0.28722280887011614 0.05146476642913698 0.03167898627243928
19 0.672209026128266 0.21013727560718057 0.15201900237529692 0.22069693769799367
2 0.22644497228820268 0.3041182682154171 0.03642121931908155 0.03695881731784583
0 0.010292953285827395 0.3347412882787751 0.011084718923198733 0.024287222808870117
12 0.7379255740300871 0.31045406546990495 0.06096595407759303 0.1689545934530095
19 0.31274742676167855 0.44667370644139387 0.18527315914489312 0.30834213305174235
19 0.06175771971496437 0.457233368532207 0.12351543942992874 0.293558606124604
11 0.7569279493269992 0.5681098204857444 0.12589073634204276 0.09926082365364308
10 0.897070467141726 0.5163674762407603 0.2058590657165479 0.5195353748680043
