18 0.4346793349168646 0.23970432946145723 0.014251781472684086 0.004223864836325237
13 0.4845605700712589 0.2470960929250264 0.011876484560570071 0.0021119324181626186
17 0.48614410134600156 0.249208025343189 0.018210609659540775 0.0031678986272439284
0 0.47268408551068886 0.25237592397043296 0.003167062549485352 0.0021119324181626186
13 0.3103721298495645 0.2555438225976769 0.019002375296912115 0.007391763463569166
18 0.30482977038796516 0.2565997888067582 0.0166270783847981 0.006335797254487857
2 0.4592240696753761 0.249208025343189 0.02454473475851148 0.023231256599788808
16 0.41250989707046715 0.26715945089757126 0.01979414093428345 0.011615628299894404
17 0.4053840063341251 0.2703273495248152 0.0166270783847981 0.005279831045406547
17 0.220110847189232 0.28616684266103487 0.009501187648456057 0.009503695881731784
18 0.3095803642121932 0.29567053854276665 0.009501187648456057 0.005279831045406547
15 0.26365795724465557 0.31045406546990495 0.0332541567695962 0.01689545934530095
15 0.2620744259699129 0.3115100316789863 0.03483768804433888 0.02006335797254488
2 0.278701504354711 0.3727560718057022 0.02454473475851148 0.026399155227032733
0 0.003167062549485352 0.3833157338965153 0.006334125098970704 0.006335797254487857
0 0.23040380047505937 0.3801478352692714 0.022169437846397466 0.01795142555438226
0 0.20981789390340458 0.39704329461457233 0.023752969121140142 0.022175290390707498
0 0.48614410134600156 0.24287222808870115 0.00870942201108472 0.007391763463569166
13 0.4845605700712589 0.24604012671594508 0.01583531274742676 0.0031678986272439284
0 0.4821852731591449 0.24181626187961985 0.013460015835312747 0.01689545934530095
2 0.442596991290578 0.24498416050686378 0.001583531274742676 0.009503695881731784
13 0.4901029295328583 0.249208025343189 0.019002375296912115 0.006335797254487857
18 0.4821852731591449 0.2502639915522703 0.011876484560570071 0.004223864836325237
2 0.43626286619160726 0.24604012671594508 0.011876484560570071 0.011615628299894404
15 0.45447347585114806 0.2587117212249208 0.0023752969121140144 0.0010559662090813093
19 0.3998416468725257 0.22280887011615627 0.04829770387965162 0.08130939809926083
17 0.4085510688836104 0.2692713833157339 0.01583531274742676 0.005279831045406547
16 0.4117181314330958 0.2692713833157339 0.01741884402216944 0.008447729672650475
19 0.5486935866983373 0.23864836325237593 0.057007125890736345 0.09926082365364308
2 0.30482977038796516 0.27243928194297784 0.01979414093428345 0.0337909186906019
13 0.22406967537608868 0.28827877507919747 0.027711797307996833 0.006335797254487857
2 0.3095803642121932 0.2787750791974657 0.015043547110055424 0.030623020063357972
0 0.3143309580364212 0.2967265047518479 0.01741884402216944 0.008447729672650475
18 0.3222486144101346 0.29567053854276665 0.011876484560570071 0.011615628299894404
0 0.24703087885985747 0.3136219640971489 0.019002375296912115 0.006335797254487857
0 0.24782264449722882 0.3136219640971489 0.018210609659540775 0.007391763463569166
2 0.21852731591448932 0.3041182682154171 0.018210609659540775 0.0337909186906019
19 0.29849564528899447 0.25448785638859556 0.09263657957244656 0.13621964097148892
0 0.21140142517814728 0.31573389651531153 0.014251781472684086 0.025343189017951427
2 0.17339667458432304 0.31890179514255546 0.022961203483768806 0.03695881731784583
19 0.07996832937450514 0.28299894403379094 0.07759303246239113 0.12565997888067582
19 0.41250989707046715 0.27983104540654696 0.0768012668250198 0.1341077085533263
2 0.14647664291369755 0.32101372756071805 0.034045922406967535 0.05279831045406547
2 0.34679334916864607 0.3368532206969377 0.02454473475851148 0.025343189017951427
13 0.12984956452889945 0.3474128827877508 0.025336500395882817 0.007391763463569166
19 0.2557403008709422 0.3273495248152059 0.09897070467141726 0.17317845828933473
2 0.07759303246239113 0.4297782470960929 0.038796516231195566 0.03167898627243928
19 0.5043547110055424 0.36642027455121434 0.1021377672209026 0.21541710665258712
12 0.5257323832145685 0.4910242872228089 0.09263657957244656 0.19429778247096094
19 0.8558986539984165 0.4783526927138332 0.18448139350752177 0.3252375923970433
11 0.3388756927949327 0.8152059134107709 0.17735550277117973 0.1573389651531151
19 0.8598574821852731 0.7666314677930306 0.27949326999208235 0.4656810982048574
10 0.5597783056215361 0.7148891235480465 0.3927157561361837 0.5691657866948258
