18 0.9477434679334917 0.3252375923970433 0.10451306413301663 0.025343189017951427
2 0.7569279493269992 0.4392819429778247 0.24782264449722882 0.19852164730728616
0 0.7450514647664291 0.5343189017951425 0.33570863024544734 0.12882787750791974
17 0.278701504354711 0.6367476240760296 0.22565320665083136 0.11826821541710665
21 0.220110847189232 0.1805702217529039 0.022169437846397466 0.05174234424498416
3 0.2517814726840855 0.19640971488912354 0.09105304829770387 0.03907074973600845
6 0.4180522565320665 0.22280887011615627 0.06571654790182106 0.0337909186906019
19 0.9904988123515439 0.30834213305174235 0.018210609659540775 0.01900739176346357
19 0.6825019794140934 0.33157338965153116 0.014251781472684086 0.029567053854276663
19 0.7078384798099763 0.32101372756071805 0.06096595407759303 0.06019007391763464
22 0.444972288202692 0.3611404435058078 0.07521773555027712 0.10982048574445617
10 0.6571654790182107 0.3907074973600845 0.06413301662707839 0.09398099260823653
19 0.5716547901821061 0.3727560718057022 0.10372129849564529 0.13199577613516367
19 0.8479809976247031 0.3558606124604013 0.1916072842438638 0.2713833157338965
2 0.8939034045922407 0.42344244984160506 0.0332541567695962 0.17317845828933473
2 0.9477434679334917 0.4276663146779303 0.10372129849564529 0.2006335797254488
18 0.9517022961203484 0.5311510031678986 0.0958036421219319 0.050686378035902854
18 0.8004750593824228 0.542766631467793 0.25257323832145684 0.1119324181626188
19 0.17339667458432304 0.3167898627243928 0.24307205067300078 0.6346356916578669
18 0.4156769596199525 0.6135163674762407 0.32304038004750596 0.07497360084477296
15 0.723673792557403 0.6082365364308342 0.28820269200316706 0.1446673706441394
13 0.20269200316706254 0.6251319957761352 0.2826603325415677 0.1246040126715945
0 0.18210609659540775 0.5533262935586061 0.3452098178939034 0.38753959873284055
