18 0.55027711797308 0.07391763463569166 0.01583531274742676 0.004223864836325237
13 0.6104513064133017 0.08130939809926083 0.012668250197941409 0.0031678986272439284
2 0.564528899445764 0.08447729672650475 0.003167062549485352 0.0031678986272439284
17 0.6104513064133017 0.08447729672650475 0.019002375296912115 0.005279831045406547
0 0.5613618368962787 0.08447729672650475 0.001583531274742676 0.006335797254487857
13 0.41884402216943784 0.08870116156282999 0.01583531274742676 0.008447729672650475
18 0.4140934283452098 0.08870116156282999 0.013460015835312747 0.008447729672650475
0 0.5906571654790183 0.0908130939809926 0.007125890736342043 0.008447729672650475
2 0.5779889152810768 0.08447729672650475 0.02454473475851148 0.025343189017951427
17 0.3269992082343626 0.11721224920802534 0.01583531274742676 0.008447729672650475
18 0.41092636579572445 0.12777191129883844 0.01583531274742676 0.006335797254487857
15 0.3752969121140142 0.14044350580781415 0.018210609659540775 0.021119324181626188
15 0.37292161520190026 0.14255543822597677 0.022961203483768806 0.025343189017951427
18 0.12034837688044339 0.19429778247096094 0.011876484560570071 0.006335797254487857
0 0.12114014251781473 0.19640971488912354 0.05938242280285035 0.026399155227032733
0 0.3262074425969913 0.21013727560718057 0.00870942201108472 0.010559662090813094
13 0.006334125098970704 0.20908130939809927 0.012668250197941409 0.011615628299894404
2 0.3681710213776722 0.19957761351636746 0.030878859857482184 0.0337909186906019
0 0.3103721298495645 0.22069693769799367 0.01979414093428345 0.02006335797254488
0 0.6152019002375297 0.07497360084477296 0.00791765637371338 0.012671594508975714
13 0.611243072050673 0.08130939809926083 0.015043547110055424 0.004223864836325237
0 0.6072842438638163 0.07497360084477296 0.014251781472684086 0.01689545934530095
13 0.6144101346001584 0.08447729672650475 0.019002375296912115 0.006335797254487857
18 0.604117181314331 0.08553326293558607 0.015043547110055424 0.004223864836325237
18 0.5542359461599367 0.09186906019007392 0.01741884402216944 0.004223864836325237
15 0.5795724465558195 0.0897571277719113 0.023752969121140142 0.010559662090813094
19 0.5312747426761678 0.050686378035902854 0.04829770387965162 0.08870116156282999
2 0.5597783056215361 0.08553326293558607 0.003167062549485352 0.021119324181626188
18 0.5415676959619953 0.09609292502639916 0.000791765637371338 0.0021119324181626186
2 0.552652414885194 0.08658922914466737 0.011876484560570071 0.025343189017951427
13 0.32937450514647665 0.11721224920802534 0.025336500395882817 0.004223864836325237
2 0.4140934283452098 0.10559662090813093 0.019002375296912115 0.03907074973600845
2 0.4164687252573238 0.1119324181626188 0.014251781472684086 0.030623020063357972
19 0.6737925574030087 0.0781414994720169 0.05859065716547902 0.11298838437170011
18 0.4267616785431512 0.12988384371700107 0.013460015835312747 0.010559662090813094
0 0.41092636579572445 0.13093980992608237 0.034045922406967535 0.010559662090813094
2 0.32779097387173395 0.1341077085533263 0.019002375296912115 0.03167898627243928
19 0.4172604908946952 0.08447729672650475 0.08076009501187649 0.13621964097148892
0 0.32145684877276326 0.14361140443505807 0.012668250197941409 0.023231256599788808
19 0.22406967537608868 0.10454065469904963 0.06175771971496437 0.11615628299894404
2 0.28741092636579574 0.1457233368532207 0.019002375296912115 0.03484688489968321
2 0.26365795724465557 0.146779303062302 0.027711797307996833 0.048574445617740235
13 0.2501979414093428 0.1700105596620908 0.019002375296912115 0.008447729672650475
2 0.444972288202692 0.17212249208025343 0.021377672209026127 0.026399155227032733
19 0.5075217735550277 0.11932418162618796 0.06967537608867776 0.13833157338965152
13 0.1250989707046714 0.2006335797254488 0.004750593824228029 0.006335797254487857
13 0.10292953285827396 0.2016895459345301 0.01979414093428345 0.01583949313621964
0 0.10688836104513064 0.20274551214361142 0.04908946951702296 0.014783526927138331
0 0.009501187648456057 0.21119324181626187 0.01583531274742676 0.010559662090813094
19 0.34441805225653205 0.15945089757127773 0.07996832937450514 0.16261879619852165
2 0.20269200316706254 0.23864836325237593 0.030087094220110848 0.024287222808870117
19 0.5368171021377672 0.22280887011615627 0.06809184481393507 0.18373812038014783
12 0.5098970704671417 0.31784582893347413 0.0894695170229612 0.11298838437170011
19 0.028503562945368172 0.33051742344244983 0.05779889152810768 0.235480464625132
19 0.7925574030087095 0.38542766631467795 0.2414885193982581 0.3262935586061246
11 0.27078384798099764 0.5448785638859557 0.0728424386381631 0.07391763463569166
10 0.41330166270783847 0.6230200633579726 0.4718923198733175 0.6187961985216474
19 0.3681710213776722 0.7096092925026399 0.2494061757719715 0.5807814149947201
