18 0.9152810768012668 0.3453009503695882 0.16468725257323832 0.023231256599788808
17 0.9904988123515439 0.47624076029567053 0.018210609659540775 0.0021119324181626186
16 0.9612034837688044 0.4677930306230201 0.07759303246239113 0.026399155227032733
2 0.6769596199524941 0.4508975712777191 0.19873317498020585 0.17212249208025343
0 0.6381631037212985 0.529039070749736 0.2668250197941409 0.11087645195353749
0 0.9208234362628662 0.5596620908130939 0.14726840855106887 0.12249208025343189
17 0.22406967537608868 0.5881731784582893 0.14330958036421218 0.0897571277719113
13 0.0023752969121140144 0.6409714889123548 0.0055423594615993665 0.01900739176346357
23 0.04433887569279493 0.16050686378035903 0.08867775138558986 0.06546990496304118
21 0.30245447347585114 0.1921858500527983 0.019002375296912115 0.05174234424498416
3 0.3341250989707047 0.20696937697993664 0.08392715756136183 0.03801478352692714
6 0.4885193982581156 0.2249208025343189 0.06175771971496437 0.03484688489968321
19 0.7577197149643705 0.32312565997888065 0.004750593824228029 0.008447729672650475
19 0.9944576405384006 0.3400211193241816 0.010292953285827395 0.028511087645195353
19 0.6357878068091845 0.337909186906019 0.10688836104513064 0.06441393875395987
19 0.889944576405384 0.29989440337909185 0.19714964370546317 0.15945089757127773
22 0.5162311955661124 0.3590285110876452 0.07363420427553444 0.10770855332629356
19 0.7640538400633412 0.35163674762407604 0.06492478226444973 0.1246040126715945
23 0.052256532066508314 0.3600844772967265 0.10451306413301663 0.14149947201689547
11 0.8123515439429929 0.426610348468849 0.00791765637371338 0.021119324181626188
10 0.7585114806017419 0.38965153115100315 0.1187648456057007 0.09398099260823653
12 0.7688044338875692 0.40232312565997885 0.03642121931908155 0.08870116156282999
16 0.9722882026920031 0.4720168954593453 0.055423594615993665 0.012671594508975714
17 0.9746634996041171 0.4804646251319958 0.050673000791765635 0.010559662090813094
2 0.8701504354711006 0.4371700105596621 0.11718131433095803 0.1689545934530095
18 0.9667458432304038 0.515311510031679 0.06571654790182106 0.05807814149947202
19 0.222486144101346 0.31784582893347413 0.19873317498020585 0.5026399155227033
18 0.9002375296912114 0.545934530095037 0.1995249406175772 0.07180570221752904
18 0.6706254948535234 0.5385427666314678 0.1749802058590657 0.09714889123548047
18 0.32779097387173395 0.5807814149947201 0.22486144101346 0.061246040126715945
13 0.17735550277117973 0.5818373812038015 0.17577197149643706 0.09398099260823653
15 0.5961995249406176 0.5828933474128828 0.31512272367379257 0.1003167898627244
0 0.13855898653998416 0.5269271383315733 0.22644497228820268 0.24498416050686378
