18 0.9754552652414885 0.3706441393875396 0.04908946951702296 0.011615628299894404
13 0.9754552652414885 0.37486800422386485 0.04908946951702296 0.012671594508975714
13 0.7537608867775138 0.4530095036958817 0.011876484560570071 0.01795142555438226
15 0.7426761678543151 0.4656810982048574 0.056215360253365 0.006335797254487857
18 0.9358669833729216 0.4656810982048574 0.05146476642913698 0.012671594508975714
15 0.8558986539984165 0.46462513199577615 0.11401425178147269 0.01795142555438226
15 0.8558986539984165 0.46884899683210135 0.11084718923198733 0.025343189017951427
2 0.6967537608867775 0.4963041182682154 0.027711797307996833 0.024287222808870117
14 0.8812351543942993 0.5131995776135164 0.03167062549485352 0.01795142555438226
18 0.831353919239905 0.5227032734952481 0.022169437846397466 0.006335797254487857
0 0.7973079968329374 0.4963041182682154 0.10688836104513064 0.06230200633579725
0 0.768012668250198 0.5364308342133052 0.02454473475851148 0.021119324181626188
14 0.9928741092636579 0.5469904963041182 0.013460015835312747 0.008447729672650475
2 0.7339667458432304 0.5279831045406547 0.04433887569279493 0.048574445617740235
19 0.2414885193982581 0.3885955649419219 0.027711797307996833 0.03167898627243928
0 0.8432304038004751 0.44878563885955647 0.01583531274742676 0.026399155227032733
2 0.7395091053048297 0.4508975712777191 0.01741884402216944 0.023231256599788808
2 0.8258115597783057 0.44456177402323127 0.026920031670625493 0.03695881731784583
2 0.7505938242280285 0.4530095036958817 0.019002375296912115 0.02006335797254488
2 0.7268408551068883 0.45195353748680045 0.009501187648456057 0.022175290390707498
2 0.936658749010293 0.4276663146779303 0.04908946951702296 0.07602956705385427
0 0.7593032462391133 0.4593453009503696 0.022961203483768806 0.012671594508975714
13 0.9097387173396675 0.4656810982048574 0.000791765637371338 0.0031678986272439284
2 0.894695170229612 0.45195353748680045 0.038796516231195566 0.03167898627243928
13 0.7466349960411718 0.4677930306230201 0.022961203483768806 0.0031678986272439284
2 0.8099762470308789 0.44139387539598735 0.03483768804433888 0.059134107708553325
13 0.7949326999208234 0.4699049630411827 0.00791765637371338 0.0031678986272439284
0 0.885193982581156 0.470960929250264 0.03246239113222486 0.008447729672650475
0 0.88756927949327 0.470960929250264 0.057007125890736345 0.007391763463569166
2 0.9802058590657166 0.42555438225976766 0.038796516231195566 0.10559662090813093
0 0.9358669833729216 0.4730728616684266 0.06492478226444973 0.009503695881731784
18 0.9255740300870943 0.4720168954593453 0.05938242280285035 0.013727560718057022
19 0.5296912114014252 0.4424498416050686 0.060174188440221696 0.11298838437170011
19 0.6785431512272367 0.4033790918690602 0.06175771971496437 0.2133051742344245
19 0.8392715756136183 0.3907074973600845 0.07600950118764846 0.24076029567053855
2 0.7363420427553444 0.5058078141499472 0.02454473475851148 0.009503695881731784
11 0.36500395882818687 0.49947201689545934 0.04117181314330958 0.025343189017951427
10 0.23990498812351543 0.4593453009503696 0.0934283452098179 0.11932418162618796
13 0.8440221694378464 0.5195353748680043 0.022961203483768806 0.004223864836325237
19 0.6405384006334125 0.4297782470960929 0.10847189231987332 0.18585005279831046
0 0.8345209817893904 0.5216473072861668 0.028503562945368172 0.009503695881731784
12 0.3000791765637371 0.470960929250264 0.053840063341250986 0.11087645195353749
19 0.10768012668250197 0.4371700105596621 0.16468725257323832 0.1805702217529039
19 0.3404592240696754 0.4350580781414995 0.11401425178147269 0.20908130939809927
19 0.6579572446555819 0.40232312565997885 0.1892319873317498 0.3262935586061246
2 0.8210609659540776 0.5586061246040127 0.06096595407759303 0.057022175290390706
