18 0.4845605700712589 0.7286166842661035 0.043547110055423596 0.008447729672650475
18 0.6397466349960411 0.7391763463569165 0.0855106888361045 0.01795142555438226
13 0.6468725257323832 0.7412882787750792 0.06730007917656373 0.01900739176346357
2 0.5106888361045131 0.750791974656811 0.011876484560570071 0.04118268215417107
16 0.5376088677751386 0.7835269271383316 0.04829770387965162 0.02006335797254488
17 0.5344418052256532 0.7972544878563886 0.04592240696753761 0.010559662090813094
2 0.28186856690419637 0.8004223864836325 0.01741884402216944 0.026399155227032733
18 0.6951702296120348 0.8753959873284055 0.08630245447347586 0.022175290390707498
15 0.8004750593824228 0.9450897571277719 0.06809184481393507 0.03801478352692714
15 0.8844022169437846 0.9472016895459345 0.23119556611243072 0.048574445617740235
17 0.7965162311955661 0.9767687434002112 0.010292953285827395 0.046462513199577615
19 0.334916864608076 0.2133051742344245 0.6706254948535234 0.426610348468849
3 0.9588281868566905 0.5385427666314678 0.08234362628661916 0.08658922914466737
0 0.4513064133016627 0.7381203801478353 0.0166270783847981 0.02006335797254488
2 0.4718923198733175 0.747624076029567 0.01979414093428345 0.03590285110876452
2 0.4932699920823436 0.7560718057022175 0.02454473475851148 0.04963041182682154
18 0.48931116389548696 0.778247096092925 0.0055423594615993665 0.005279831045406547
17 0.5273159144893111 0.7940865892291447 0.0332541567695962 0.004223864836325237
16 0.5368171021377672 0.7888067581837381 0.05146476642913698 0.01583949313621964
19 0.6033254156769596 0.7243928194297783 0.09184481393507522 0.16684266103484688
19 0.2454473475851148 0.7486800422386484 0.07442596991290577 0.146779303062302
2 0.7038796516231196 0.8162618796198522 0.06096595407759303 0.10770855332629356
2 0.6389548693586699 0.8152059134107709 0.07205067300079177 0.146779303062302
18 0.7157561361836896 0.8732840549102429 0.08076009501187649 0.04012671594508976
0 0.7015043547110056 0.8912354804646251 0.12747426761678543 0.05385427666314678
19 0.9136975455265242 0.7750791974656811 0.17181314330958036 0.3484688489968321
0 0.7988915281076802 0.9640971488912354 0.0665083135391924 0.0454065469904963
0 0.7973079968329374 0.9725448785638859 0.07125890736342043 0.05174234424498416
2 0.9160728424386382 0.9609292502639916 0.16785431512272367 0.0781414994720169
13 0.8226444972288203 0.9799366420274551 0.02058590657165479 0.03907074973600845
19 0.39667458432304037 0.781414994720169 0.332541567695962 0.4371700105596621
