13 0.43784639746634996 0.08658922914466737 0.010292953285827395 0.0021119324181626186
17 0.4410134600158353 0.08870116156282999 0.015043547110055424 0.0031678986272439284
0 0.4101346001583531 0.09820485744456177 0.0023752969121140144 0.005279831045406547
0 0.393507521773555 0.09609292502639916 0.006334125098970704 0.009503695881731784
2 0.42121931908155186 0.09292502639915523 0.02454473475851148 0.022175290390707498
2 0.37767220902612825 0.09820485744456177 0.015043547110055424 0.01583949313621964
16 0.3903404592240697 0.11826821541710665 0.02058590657165479 0.010559662090813094
18 0.3087885985748218 0.12038014783526928 0.022169437846397466 0.006335797254487857
17 0.384006334125099 0.12249208025343189 0.019002375296912115 0.004223864836325237
13 0.31353919239904987 0.12038014783526928 0.021377672209026127 0.008447729672650475
18 0.31274742676167855 0.16156282998944033 0.022961203483768806 0.004223864836325237
17 0.2644497228820269 0.1795142555438226 0.00870942201108472 0.0031678986272439284
15 0.2953285827395091 0.1805702217529039 0.04275534441805225 0.02006335797254488
15 0.2937450514647664 0.18268215417106654 0.04592240696753761 0.024287222808870117
2 0.31987331749802056 0.24287222808870115 0.03246239113222486 0.03907074973600845
0 0.28582739509105304 0.2576557550158395 0.01741884402216944 0.02006335797254488
0 0.283452098178939 0.27983104540654696 0.023752969121140142 0.022175290390707498
0 0.4346793349168646 0.0791974656810982 0.006334125098970704 0.012671594508975714
13 0.4410134600158353 0.08658922914466737 0.006334125098970704 0.0021119324181626186
0 0.43705463182897863 0.0791974656810982 0.00791765637371338 0.01583949313621964
13 0.442596991290578 0.08764519535374868 0.018210609659540775 0.005279831045406547
18 0.43784639746634996 0.0897571277719113 0.00791765637371338 0.005279831045406547
15 0.41250989707046715 0.10242872228088701 0.003167062549485352 0.0021119324181626186
18 0.3919239904988123 0.10348468848996832 0.00870942201108472 0.0021119324181626186
2 0.3974663499604117 0.09926082365364308 0.003167062549485352 0.01583949313621964
2 0.40380047505938244 0.1003167898627244 0.012668250197941409 0.02006335797254488
19 0.34600158353127475 0.06441393875395987 0.043547110055423596 0.09186906019007392
18 0.3927157561361837 0.10982048574445617 0.00791765637371338 0.005279831045406547
17 0.38558986539984164 0.12038014783526928 0.018210609659540775 0.005279831045406547
16 0.388756927949327 0.12038014783526928 0.019002375296912115 0.008447729672650475
19 0.505938242280285 0.0781414994720169 0.055423594615993665 0.10242872228088701
2 0.31908155186064924 0.1446673706441394 0.015043547110055424 0.03167898627243928
2 0.3087885985748218 0.14044350580781415 0.019002375296912115 0.042238648363252376
19 0.28186856690419637 0.10242872228088701 0.10451306413301663 0.12038014783526928
18 0.33174980205859067 0.16050686378035903 0.004750593824228029 0.012671594508975714
0 0.3143309580364212 0.16367476240760295 0.030087094220110848 0.013727560718057022
13 0.2660332541567696 0.1805702217529039 0.011876484560570071 0.007391763463569166
0 0.2826603325415677 0.18268215417106654 0.03167062549485352 0.01583949313621964
0 0.2842438638163104 0.18373812038014783 0.03246239113222486 0.01583949313621964
2 0.2517814726840855 0.1816261879619852 0.0166270783847981 0.028511087645195353
19 0.4259699129057799 0.14044350580781415 0.07600950118764846 0.133051742344245
0 0.25336500395882816 0.19535374868004224 0.011876484560570071 0.026399155227032733
2 0.36262866191607285 0.2016895459345301 0.023752969121140142 0.01900739176346357
2 0.2288202692003167 0.20485744456177402 0.018210609659540775 0.03801478352692714
2 0.20981789390340458 0.20908130939809927 0.03246239113222486 0.05385427666314678
13 0.19794140934283452 0.23864836325237593 0.030878859857482184 0.006335797254487857
19 0.33570863024544734 0.20802534318901794 0.0997624703087886 0.1678986272439282
19 0.5985748218527316 0.24076029567053855 0.1290577988915281 0.19852164730728616
2 0.19319081551860648 0.3262935586061246 0.02929532858273951 0.03273495248152059
19 0.897070467141726 0.2914466737064414 0.08867775138558986 0.20274551214361142
12 0.6547901821060966 0.33157338965153116 0.05304829770387965 0.15311510031678988
19 0.2620744259699129 0.4614572333685322 0.12668250197941408 0.2692713833157339
11 0.6595407759303247 0.5649419218585006 0.13143309580364212 0.08658922914466737
10 0.8511480601741884 0.515311510031679 0.2977038796516231 0.4699049630411827
19 0.9802058590657166 0.5765575501583949 0.0395882818685669 0.440337909186906
