18 0.4323040380047506 0.24604012671594508 0.028503562945368172 0.005279831045406547
17 0.4671417260490895 0.26187961985216474 0.000791765637371338 0.0021119324181626186
18 0.3784639746634996 0.2608236536430834 0.04117181314330958 0.008447729672650475
13 0.38558986539984164 0.2608236536430834 0.03721298495645289 0.010559662090813094
0 0.41250989707046715 0.26610348468849 0.012668250197941409 0.013727560718057022
2 0.4576405384006334 0.25976768743400214 0.022169437846397466 0.028511087645195353
16 0.43942992874109266 0.2819429778247096 0.030087094220110848 0.013727560718057022
2 0.3602533650039588 0.28827877507919747 0.000791765637371338 0.0021119324181626186
17 0.43151227236737927 0.28827877507919747 0.030878859857482184 0.007391763463569166
18 0.3903404592240697 0.3220696937697994 0.043547110055423596 0.008447729672650475
17 0.3515439429928741 0.34424498416050686 0.003167062549485352 0.006335797254487857
15 0.4006334125098971 0.34424498416050686 0.08471892319873317 0.023231256599788808
15 0.3990498812351544 0.3474128827877508 0.08630245447347586 0.029567053854276663
2 0.48693586698337293 0.4392819429778247 0.057007125890736345 0.07074973600844774
14 0.15518606492478226 0.470960929250264 0.025336500395882817 0.012671594508975714
0 0.4338875692794933 0.4720168954593453 0.026128266033254157 0.03590285110876452
0 0.46476642913697547 0.5110876451953538 0.053840063341250986 0.044350580781414996
18 0.0768012668250198 0.6304118268215417 0.1330166270783848 0.03484688489968321
0 0.10055423594615993 0.6293558606124604 0.20190023752969122 0.12565997888067582
3 0.9944576405384006 0.07074973600844774 0.010292953285827395 0.0559662090813094
0 0.44972288202692 0.24498416050686378 0.00791765637371338 0.004223864836325237
13 0.46872525732383213 0.26187961985216474 0.003167062549485352 0.006335797254487857
15 0.44813935075217737 0.27455121436114044 0.0023752969121140144 0.0021119324181626186
2 0.42755344418052255 0.2608236536430834 0.00791765637371338 0.030623020063357972
18 0.4180522565320665 0.27455121436114044 0.011876484560570071 0.004223864836325237
2 0.4386381631037213 0.26399155227032733 0.0166270783847981 0.03167898627243928
18 0.4220110847189232 0.27771911298838436 0.018210609659540775 0.005279831045406547
19 0.9778305621536025 0.25131995776135163 0.04433887569279493 0.07074973600844774
17 0.4267616785431512 0.28722280887011614 0.018210609659540775 0.004223864836325237
16 0.43784639746634996 0.28511087645195354 0.02929532858273951 0.010559662090813094
19 0.31987331749802056 0.24498416050686378 0.07125890736342043 0.10665258711721225
19 0.5510688836104513 0.24181626187961985 0.0625494853523357 0.12249208025343189
2 0.4006334125098971 0.2946145723336853 0.02454473475851148 0.04751847940865892
2 0.3222486144101346 0.32312565997888065 0.001583531274742676 0.0010559662090813093
2 0.37767220902612825 0.293558606124604 0.0332541567695962 0.06546990496304118
18 0.4156769596199525 0.32312565997888065 0.00870942201108472 0.013727560718057022
0 0.38954869358669836 0.32946145723336856 0.03246239113222486 0.009503695881731784
13 0.3507521773555028 0.34635691657866946 0.0023752969121140144 0.010559662090813094
0 0.3737133808392716 0.3505807814149947 0.038796516231195566 0.021119324181626188
0 0.37054631828978624 0.3495248152059134 0.03800475059382423 0.023231256599788808
19 0.30324623911322246 0.26504751847940866 0.1789390340459224 0.21647307286166842
19 0.5724465558194775 0.2808870116156283 0.1021377672209026 0.19852164730728616
0 0.3594615993665875 0.3611404435058078 0.018210609659540775 0.048574445617740235
2 0.47110055423594616 0.3790918690601901 0.03721298495645289 0.03695881731784583
2 0.3499604117181314 0.3706441393875396 0.006334125098970704 0.0665258711721225
2 0.32145684877276326 0.37697993664202745 0.060174188440221696 0.11404435058078141
13 0.29849564528899447 0.440337909186906 0.07838479809976247 0.006335797254487857
19 0.04671417260490895 0.33368532206969376 0.0934283452098179 0.29989440337909185
19 0.620744259699129 0.3505807814149947 0.19081551860649248 0.33368532206969376
13 0.11401425178147269 0.6451953537486801 0.12984956452889945 0.029567053854276663
2 0.36896278701504354 0.6536430834213305 0.08709422011084719 0.10242872228088701
13 0.08867775138558986 0.7001055966209081 0.14647664291369755 0.03801478352692714
0 0.10372129849564529 0.6979936642027456 0.16152019002375298 0.15417106652587118
