13 0.46476642913697547 0.5364308342133052 0.0395882818685669 0.005279831045406547
17 0.49564528899445764 0.5385427666314678 0.013460015835312747 0.006335797254487857
2 0.5447347585114806 0.5533262935586061 0.00870942201108472 0.006335797254487857
0 0.5288994457640538 0.5522703273495249 0.030878859857482184 0.013727560718057022
0 0.49802058590657167 0.5522703273495249 0.03721298495645289 0.028511087645195353
2 0.276326207442597 0.5945089757127772 0.000791765637371338 0.012671594508975714
17 0.6737925574030087 0.6082365364308342 0.011084718923198733 0.009503695881731784
3 0.953285827395091 0.293558606124604 0.0831353919239905 0.09398099260823653
0 0.4552652414885194 0.5227032734952481 0.023752969121140142 0.023231256599788808
13 0.49564528899445764 0.5343189017951425 0.004750593824228029 0.0031678986272439284
13 0.4615993665874901 0.5353748680042238 0.03721298495645289 0.005279831045406547
0 0.4829770387965162 0.5353748680042238 0.025336500395882817 0.010559662090813094
19 0.669833729216152 0.48996832101372756 0.09105304829770387 0.10454065469904963
18 0.5043547110055424 0.5395987328405492 0.010292953285827395 0.006335797254487857
18 0.5265241488519399 0.5501583949313622 0.01583531274742676 0.006335797254487857
15 0.5201900237529691 0.5501583949313622 0.0498812351543943 0.01900739176346357
2 0.564528899445764 0.5628299894403379 0.030878859857482184 0.01900739176346357
18 0.5304829770387965 0.5649419218585006 0.03721298495645289 0.01689545934530095
2 0.5961995249406176 0.5564941921858501 0.03246239113222486 0.03801478352692714
18 0.5764053840063341 0.5755015839493136 0.060174188440221696 0.011615628299894404
17 0.6611243072050673 0.604012671594509 0.00791765637371338 0.010559662090813094
19 0.25494853523357086 0.5100316789862724 0.15043547110055425 0.24392819429778248
19 0.6872525732383215 0.6293558606124604 0.47743467933491684 0.7402323125659979
