18 0.42121931908155186 0.13093980992608237 0.056215360253365 0.011615628299894404
13 0.4307205067300079 0.133051742344245 0.04829770387965162 0.012671594508975714
18 0.4679334916864608 0.1457233368532207 0.01741884402216944 0.007391763463569166
2 0.48693586698337293 0.1678986272439282 0.022169437846397466 0.0337909186906019
16 0.4806017418844022 0.18796198521647306 0.023752969121140142 0.011615628299894404
17 0.4758511480601742 0.1921858500527983 0.0166270783847981 0.005279831045406547
2 0.34837688044338877 0.20591341077085534 0.007125890736342043 0.010559662090813094
18 0.46239113222486145 0.2133051742344245 0.011876484560570071 0.011615628299894404
15 0.4948535233570863 0.235480464625132 0.07442596991290577 0.02006335797254488
17 0.3586698337292161 0.2481520591341077 0.000791765637371338 0.0010559662090813093
15 0.4932699920823436 0.24498416050686378 0.07205067300079177 0.021119324181626188
2 0.6080760095011877 0.3579725448785639 0.07125890736342043 0.09714889123548047
14 0.1250989707046714 0.40549102428722283 0.023752969121140142 0.013727560718057022
0 0.5455265241488519 0.4012671594508976 0.040380047505938245 0.05174234424498416
0 0.615993665874901 0.45406546990496305 0.0831353919239905 0.0675818373812038
18 0.07600950118764846 0.8416050686378036 0.15201900237529692 0.12143611404435058
0 0.19081551860649248 0.7940865892291447 0.3824228028503563 0.4118268215417107
2 0.42042755344418054 0.14044350580781415 0.043547110055423596 0.01583949313621964
15 0.4806017418844022 0.18479408658922913 0.00870942201108472 0.0021119324181626186
2 0.4718923198733175 0.1678986272439282 0.009501187648456057 0.03907074973600845
16 0.47901821060965954 0.1900739176346357 0.021377672209026127 0.007391763463569166
17 0.4821852731591449 0.19429778247096094 0.00395882818685669 0.0010559662090813093
2 0.4592240696753761 0.17740232312565998 0.019002375296912115 0.06546990496304118
19 0.3167062549485352 0.1457233368532207 0.08392715756136183 0.14361140443505807
19 0.5954077593032462 0.146779303062302 0.07996832937450514 0.14783526927138332
18 0.47110055423594616 0.21858500527983105 0.0166270783847981 0.013727560718057022
0 0.4584323040380047 0.22280887011615627 0.0023752969121140144 0.006335797254487857
0 0.4584323040380047 0.24604012671594508 0.0023752969121140144 0.008447729672650475
2 0.3570863024544735 0.2238648363252376 0.01979414093428345 0.0559662090813094
13 0.3515439429928741 0.2470960929250264 0.014251781472684086 0.013727560718057022
19 0.31353919239904987 0.13727560718057022 0.23119556611243072 0.2682154171066526
19 0.6817102137767221 0.1583949313621964 0.14726840855106887 0.26399155227032733
2 0.5415676959619953 0.2914466737064414 0.04671417260490895 0.04751847940865892
2 0.41092636579572445 0.235480464625132 0.09659540775930324 0.18796198521647306
13 0.38163103721298497 0.3368532206969377 0.13064133016627077 0.008447729672650475
19 0.014251781472684086 0.38753959873284055 0.02929532858273951 0.05279831045406547
19 0.8891528107680127 0.22914466737064415 0.2209026128266033 0.4593453009503696
2 0.5985748218527316 0.7381203801478353 0.1543942992874109 0.22597676874340022
13 0.15043547110055425 0.914466737064414 0.22486144101346 0.09714889123548047
0 0.18606492478226444 0.8743400211193242 0.28582739509105304 0.2502639915522703
