18 0.4418052256532066 0.23970432946145723 0.010292953285827395 0.0031678986272439284
2 0.3832145684877276 0.3199577613516367 0.00395882818685669 0.004223864836325237
15 0.5684877276326208 0.34107708553326294 0.040380047505938245 0.01583949313621964
17 0.4101346001583531 0.35163674762407604 0.0023752969121140144 0.0010559662090813093
15 0.5676959619952494 0.35163674762407604 0.03800475059382423 0.01583949313621964
0 0.615993665874901 0.48680042238648363 0.011876484560570071 0.010559662090813094
2 0.6785431512272367 0.46462513199577615 0.07125890736342043 0.10137275607180571
14 0.16706254948535235 0.515311510031679 0.040380047505938245 0.01900739176346357
0 0.7157561361836896 0.5659978880675819 0.08709422011084719 0.07708553326293559
0 0.32304038004750596 0.8542766631467793 0.6460807600950119 0.2914466737064414
2 0.44418052256532065 0.2713833157338965 0.007125890736342043 0.057022175290390706
19 0.34679334916864607 0.26504751847940866 0.08234362628661916 0.13621964097148892
19 0.620744259699129 0.26610348468849 0.07996832937450514 0.14044350580781415
13 0.40300870942201106 0.3505807814149947 0.01583531274742676 0.013727560718057022
2 0.4243863816310372 0.32946145723336856 0.04829770387965162 0.06335797254487856
19 0.7276326207442597 0.2703273495248152 0.15201900237529692 0.2587117212249208
19 0.35391923990498814 0.26187961985216474 0.2288202692003167 0.27983104540654696
2 0.5874901029295329 0.40021119324181625 0.04592240696753761 0.048574445617740235
2 0.498812351543943 0.32312565997888065 0.10292953285827396 0.20274551214361142
13 0.46951702296120346 0.43189017951425557 0.14489311163895488 0.008447729672650475
19 0.04196357878068092 0.2682154171066526 0.08471892319873317 0.518479408658923
19 0.9231987331749802 0.28616684266103487 0.1536025336500396 0.5723336853220697
2 0.8416468725257323 0.8901795142555439 0.13064133016627077 0.21858500527983105
0 0.3618368962787015 0.9936642027455121 0.04196357878068092 0.012671594508975714
