13 0.5724465558194775 0.7571277719112989 0.01583531274742676 0.026399155227032733
17 0.8931116389548693 0.7719112988384371 0.01979414093428345 0.011615628299894404
15 0.5589865399841647 0.7750791974656811 0.0768012668250198 0.012671594508975714
18 0.9699129057798892 0.764519535374868 0.060174188440221696 0.04329461457233368
15 0.7616785431512272 0.7697993664202746 0.28661916072842436 0.04329461457233368
15 0.765637371338084 0.7803590285110876 0.2850356294536817 0.06335797254487856
2 0.5003958828186856 0.82259767687434 0.03800475059382423 0.03801478352692714
14 0.7387173396674585 0.853220696937698 0.021377672209026127 0.01689545934530095
0 0.6254948535233571 0.8278775079197466 0.14410134600158353 0.10348468848996832
14 0.9841646872525732 0.9376979936642027 0.030878859857482184 0.021119324181626188
0 0.5740300870942201 0.9303062302006336 0.047505938242280284 0.050686378035902854
2 0.4916864608076009 0.9229144667370645 0.10372129849564529 0.13199577613516367
2 0.9651623119556612 0.6356916578669483 0.06967537608867776 0.24604012671594508
0 0.7030878859857482 0.737064413938754 0.02929532858273951 0.050686378035902854
2 0.669833729216152 0.7317845828933475 0.047505938242280284 0.06863780359028511
2 0.5399841646872525 0.7560718057022175 0.00870942201108472 0.030623020063357972
2 0.569279493269992 0.7581837381203802 0.023752969121140142 0.030623020063357972
2 0.8226444972288203 0.7412882787750792 0.10847189231987332 0.06969376979936642
2 0.6413301662707839 0.7254487856388595 0.053840063341250986 0.1003167898627244
0 0.5811559778305622 0.7666314677930306 0.02929532858273951 0.01900739176346357
2 0.555027711797308 0.7581837381203802 0.022961203483768806 0.04118268215417107
13 0.564528899445764 0.7803590285110876 0.02929532858273951 0.004223864836325237
13 0.6167854315122724 0.7824709609292503 0.00395882818685669 0.004223864836325237
19 0.953285827395091 0.662090813093981 0.07363420427553444 0.2576557550158395
0 0.8471892319873318 0.7835269271383316 0.15043547110055425 0.021119324181626188
0 0.8321456848772764 0.7845828933474129 0.16864608076009502 0.01900739176346357
13 0.8725257323832145 0.778247096092925 0.038796516231195566 0.03273495248152059
0 0.9414093428345209 0.7888067581837381 0.09501187648456057 0.024287222808870117
18 0.9517022961203484 0.7972544878563886 0.0958036421219319 0.024287222808870117
19 0.24307205067300078 0.7412882787750792 0.06175771971496437 0.17740232312565998
19 0.46080760095011875 0.6927138331573389 0.110055423594616 0.30306230200633577
19 0.684085510688836 0.6821541710665259 0.12193190815518606 0.3347412882787751
13 0.7015043547110056 0.8595564941921858 0.03246239113222486 0.0031678986272439284
0 0.6880443388756928 0.8637803590285111 0.04196357878068092 0.029567053854276663
2 0.5360253365003959 0.8585005279831045 0.04513064133016627 0.04751847940865892
19 0.3333333333333333 0.7106652587117213 0.2209026128266033 0.3706441393875396
19 0.19635787806809185 0.49947201689545934 0.393507521773555 1.0
