13 0.9469517022961204 0.44350580781414994 0.10530482977038796 0.24181626187961985
18 0.9382422802850356 0.49208025343189016 0.1227236737925574 0.15311510031678988
15 0.5201900237529691 0.8996832101372756 0.026920031670625493 0.012671594508975714
0 0.5273159144893111 0.9176346356916578 0.014251781472684086 0.008447729672650475
2 0.48931116389548696 0.9503695881731784 0.04433887569279493 0.04751847940865892
19 0.9707046714172605 0.6525871172122492 0.05779889152810768 0.0791974656810982
19 0.6761678543151227 0.6684266103484688 0.10847189231987332 0.16367476240760295
19 0.21931908155186064 0.8595564941921858 0.10768012668250197 0.20485744456177402
2 0.569279493269992 0.8933474128827877 0.07363420427553444 0.15522703273495247
19 0.44655581947743467 0.8025343189017952 0.1330166270783848 0.3579725448785639
2 0.5843230403800475 0.9239704329461457 0.056215360253365 0.13093980992608237
2 0.8020585906571654 0.8606124604012672 0.39588281868566905 0.2787750791974657
0 0.5898653998416469 0.9482576557550159 0.04117181314330958 0.10242872228088701
19 0.15518606492478226 0.8141499472016895 0.31116389548693585 0.3717001055966209
