2 0.5653206650831354 0.4044350580781415 0.027711797307996833 0.028511087645195353
13 0.5209817893903405 0.4160506863780359 0.03483768804433888 0.04012671594508976
15 0.5201900237529691 0.42872228088701164 0.0934283452098179 0.021119324181626188
2 0.46080760095011875 0.45617740232312565 0.015043547110055424 0.008447729672650475
14 0.7197149643705463 0.5659978880675819 0.0688836104513064 0.03907074973600845
18 0.5914489311163895 0.5997888067581837 0.038796516231195566 0.024287222808870117
0 0.547901821060966 0.5448785638859557 0.20902612826603326 0.17740232312565998
19 0.9849564528899446 0.06230200633579725 0.030087094220110848 0.1246040126715945
2 0.5391923990498813 0.39809926082365366 0.025336500395882817 0.04118268215417107
2 0.5257323832145685 0.40232312565997885 0.030087094220110848 0.04329461457233368
17 0.55027711797308 0.42872228088701164 0.01979414093428345 0.007391763463569166
2 0.5328582739509106 0.41288278775079196 0.030087094220110848 0.046462513199577615
13 0.5360253365003959 0.43400211193241817 0.009501187648456057 0.0031678986272439284
0 0.5352335708630246 0.4276663146779303 0.04196357878068092 0.030623020063357972
19 0.1789390340459224 0.382259767687434 0.12826603325415678 0.19852164730728616
19 0.43705463182897863 0.3051742344244984 0.12747426761678543 0.3833157338965153
13 0.5494853523357086 0.49736008447729674 0.06967537608867776 0.02006335797254488
19 0.6927949326999209 0.2893347412882788 0.16706254948535235 0.498416050686378
13 0.4220110847189232 0.5501583949313622 0.0625494853523357 0.01689545934530095
2 0.33966745843230406 0.47940865892291445 0.1021377672209026 0.2016895459345301
13 0.6302454473475851 0.587117212249208 0.034045922406967535 0.022175290390707498
0 0.6096595407759303 0.5987328405491025 0.05938242280285035 0.061246040126715945
2 0.2937450514647664 0.5385427666314678 0.09659540775930324 0.18373812038014783
0 0.11955661124307206 0.6061246040126715 0.11322248614410134 0.12143611404435058
2 0.11559778305621536 0.8268215417106652 0.23119556611243072 0.34635691657866946
