17 0.9754552652414885 0.4593453009503696 0.013460015835312747 0.004223864836325237
2 0.6247030878859857 0.457233368532207 0.000791765637371338 0.011615628299894404
15 0.9334916864608076 0.45617740232312565 0.12589073634204276 0.01689545934530095
13 0.6532066508313539 0.4551214361140444 0.01583531274742676 0.024287222808870117
0 0.6793349168646081 0.4677930306230201 0.038796516231195566 0.004223864836325237
15 0.6397466349960411 0.46673706441393875 0.05304829770387965 0.008447729672650475
15 0.9350752177355502 0.4614572333685322 0.1250989707046714 0.024287222808870117
2 0.6001583531274742 0.5015839493136219 0.000791765637371338 0.009503695881731784
14 0.8068091844813935 0.5248152059134108 0.011084718923198733 0.0031678986272439284
14 0.9881235154394299 0.5522703273495249 0.023752969121140142 0.004223864836325237
0 0.6888361045130641 0.5385427666314678 0.035629453681710214 0.03167898627243928
2 0.7173396674584323 0.5385427666314678 0.02454473475851148 0.05807814149947202
19 0.004750593824228029 0.35480464625131997 0.010292953285827395 0.03801478352692714
2 0.7561361836896279 0.42872228088701164 0.001583531274742676 0.0021119324181626186
13 0.9667458432304038 0.4582893347412883 0.00791765637371338 0.005279831045406547
2 0.9287410926365796 0.4424498416050686 0.06571654790182106 0.03801478352692714
2 0.6484560570071259 0.4530095036958817 0.022169437846397466 0.022175290390707498
2 0.6167854315122724 0.4530095036958817 0.01583531274742676 0.023231256599788808
19 0.9881235154394299 0.38542766631467795 0.023752969121140142 0.16261879619852165
0 0.6603325415676959 0.4604012671594509 0.02454473475851148 0.014783526927138331
0 0.946159936658749 0.46462513199577615 0.05779889152810768 0.010559662090813094
0 0.9517022961203484 0.46462513199577615 0.09659540775930324 0.009503695881731784
13 0.6381631037212985 0.46884899683210135 0.011876484560570071 0.0010559662090813093
17 0.6318289786223278 0.46884899683210135 0.000791765637371338 0.0010559662090813093
2 0.6342042755344418 0.45406546990496305 0.01741884402216944 0.03167898627243928
19 0.39667458432304037 0.4382259767687434 0.07046714172604909 0.13833157338965152
19 0.7403008709422011 0.3885955649419219 0.0688836104513064 0.249208025343189
19 0.5558194774346793 0.395987328405491 0.0831353919239905 0.24498416050686378
11 0.1876484560570071 0.5121436114044351 0.04513064133016627 0.0337909186906019
2 0.665083135391924 0.5216473072861668 0.026920031670625493 0.029567053854276663
19 0.5859065716547902 0.41816261879619854 0.1377672209026128 0.235480464625132
10 0.028503562945368172 0.457233368532207 0.057007125890736345 0.17212249208025343
12 0.08392715756136183 0.4730728616684266 0.08867775138558986 0.1678986272439282
19 0.15676959619952494 0.4160506863780359 0.19794140934283452 0.3220696937697994
19 0.7672209026128266 0.3400211193241816 0.3079968329374505 0.5543822597676874
2 0.9517022961203484 0.587117212249208 0.09659540775930324 0.08130939809926083
