18 0.38638163103721296 0.12143611404435058 0.05304829770387965 0.011615628299894404
13 0.39588281868566905 0.12249208025343189 0.04671417260490895 0.013727560718057022
18 0.4346793349168646 0.12777191129883844 0.034045922406967535 0.007391763463569166
2 0.46318289786223277 0.14783526927138332 0.023752969121140142 0.0337909186906019
16 0.44813935075217737 0.1678986272439282 0.034045922406967535 0.01689545934530095
17 0.444972288202692 0.17529039070749736 0.025336500395882817 0.005279831045406547
18 0.4101346001583531 0.2016895459345301 0.04275534441805225 0.010559662090813094
15 0.43942992874109266 0.22280887011615627 0.09026128266033254 0.024287222808870117
15 0.43547110055423593 0.23231256599788808 0.09263657957244656 0.025343189017951427
2 0.55027711797308 0.34213305174234426 0.06967537608867776 0.0908130939809926
14 0.09817893903404593 0.3864836325237592 0.01741884402216944 0.010559662090813094
0 0.48772763262074426 0.3843717001055966 0.035629453681710214 0.048574445617740235
0 0.5431512272367379 0.43400211193241817 0.07442596991290577 0.061246040126715945
18 0.026128266033254157 0.7022175290390708 0.052256532066508314 0.06863780359028511
0 0.0997624703087886 0.7170010559662091 0.1995249406175772 0.3357972544878564
2 0.4283452098178939 0.1446673706441394 0.010292953285827395 0.029567053854276663
15 0.4576405384006334 0.16473072861668428 0.010292953285827395 0.0010559662090813093
2 0.442596991290578 0.14994720168954592 0.01979414093428345 0.03801478352692714
16 0.447347585114806 0.17106652587117213 0.03246239113222486 0.011615628299894404
17 0.444972288202692 0.17529039070749736 0.026128266033254157 0.004223864836325237
19 0.29849564528899447 0.12565997888067582 0.08234362628661916 0.14149947201689547
2 0.4164687252573238 0.16684266103484688 0.030878859857482184 0.06335797254487856
19 0.5716547901821061 0.12671594508975711 0.07838479809976247 0.146779303062302
2 0.38638163103721296 0.16473072861668428 0.04117181314330958 0.08342133051742344
18 0.43626286619160726 0.20485744456177402 0.012668250197941409 0.014783526927138331
0 0.41330166270783847 0.21119324181626187 0.01979414093428345 0.010559662090813094
0 0.41092636579572445 0.235480464625132 0.007125890736342043 0.009503695881731784
0 0.3998416468725257 0.23442449841605068 0.018210609659540775 0.012671594508975714
19 0.28582739509105304 0.1246040126715945 0.22486144101346 0.2502639915522703
0 0.3919239904988123 0.23336853220696938 0.012668250197941409 0.06546990496304118
19 0.6365795724465558 0.146779303062302 0.1393507521773555 0.2555438225976769
2 0.503562945368171 0.27560718057022177 0.04513064133016627 0.046462513199577615
2 0.3452098178939034 0.2375923970432946 0.09105304829770387 0.17106652587117213
13 0.3174980205859066 0.33051742344244983 0.11797307996832937 0.007391763463569166
19 0.004750593824228029 0.3738120380147835 0.009501187648456057 0.03167898627243928
19 0.7901821060965954 0.21964097148891235 0.28661916072842436 0.4392819429778247
2 0.4679334916864608 0.6715945089757128 0.1369754552652415 0.1805702217529039
13 0.06967537608867776 0.7560718057022175 0.1393507521773555 0.05385427666314678
13 0.047505938242280284 0.9472016895459345 0.09501187648456057 0.10559662090813093
0 0.07521773555027712 0.8373812038014784 0.15043547110055425 0.324181626187962
