18 0.7806809184481394 0.4508975712777191 0.02929532858273951 0.026399155227032733
17 0.37292161520190026 0.5406546990496304 0.013460015835312747 0.03484688489968321
2 0.6152019002375297 0.5100316789862724 0.0831353919239905 0.10348468848996832
16 0.9920823436262867 0.5649419218585006 0.01583531274742676 0.008447729672650475
13 0.2723673792557403 0.5554382259767687 0.06492478226444973 0.028511087645195353
0 0.5597783056215361 0.5469904963041182 0.08392715756136183 0.061246040126715945
0 0.5954077593032462 0.573389651531151 0.08392715756136183 0.06546990496304118
6 0.9564528899445764 0.25237592397043296 0.08709422011084719 0.050686378035902854
21 0.7418844022169437 0.25237592397043296 0.013460015835312747 0.050686378035902854
3 0.7917656373713381 0.2587117212249208 0.08709422011084719 0.048574445617740235
7 0.7466349960411718 0.2808870116156283 0.057007125890736345 0.008447729672650475
23 0.547901821060966 0.26610348468849 0.07125890736342043 0.05279831045406547
3 0.48614410134600156 0.25131995776135163 0.04829770387965162 0.08553326293558607
22 0.9809976247030879 0.3727560718057022 0.03721298495645289 0.07180570221752904
23 0.5486935866983373 0.40549102428722283 0.07046714172604909 0.10137275607180571
13 0.3602533650039588 0.5332629355860612 0.01741884402216944 0.029567053854276663
19 0.5003958828186856 0.4139387539598733 0.11084718923198733 0.2692713833157339
0 0.3333333333333333 0.515311510031679 0.06571654790182106 0.08447729672650475
0 0.2327790973871734 0.5300950369588173 0.0688836104513064 0.0559662090813094
18 0.3950910530482977 0.5448785638859557 0.04196357878068092 0.03273495248152059
13 0.26524148851939827 0.5543822597676874 0.06175771971496437 0.026399155227032733
15 0.5106888361045131 0.5575501583949314 0.1892319873317498 0.027455121436114043
2 0.7783056215360253 0.5163674762407603 0.05779889152810768 0.1235480464625132
18 0.5486935866983373 0.5533262935586061 0.01583531274742676 0.054910242872228086
2 0.7205067300079177 0.5205913410770855 0.06967537608867776 0.12882787750791974
18 0.8155186064924782 0.5828933474128828 0.07996832937450514 0.04329461457233368
18 0.6753760886777513 0.5828933474128828 0.04117181314330958 0.0559662090813094
19 0.04433887569279493 0.49947201689545934 0.08867775138558986 1.0
