18 0.6500395882818686 0.5005279831045406 0.04908946951702296 0.01795142555438226
13 0.43784639746634996 0.5385427666314678 0.04592240696753761 0.009503695881731784
17 0.48772763262074426 0.5374868004223865 0.025336500395882817 0.01795142555438226
2 0.5977830562153602 0.5311510031678986 0.07600950118764846 0.06441393875395987
0 0.5431512272367379 0.5512143611404435 0.0498812351543943 0.029567053854276663
0 0.5233570863024545 0.5596620908130939 0.05146476642913698 0.03695881731784583
16 0.8210609659540776 0.5892291446673706 0.04592240696753761 0.022175290390707498
17 0.836104513064133 0.6156282998944034 0.053840063341250986 0.029567053854276663
2 0.16389548693586697 0.6325237592397043 0.018210609659540775 0.050686378035902854
23 0.9469517022961204 0.28616684266103487 0.1060965954077593 0.07074973600844774
3 0.8321456848772764 0.28827877507919747 0.06809184481393507 0.08870116156282999
23 0.9429928741092637 0.43611404435058077 0.10768012668250197 0.11404435058078141
0 0.42280285035629456 0.5227032734952481 0.03167062549485352 0.028511087645195353
13 0.4346793349168646 0.5385427666314678 0.04433887569279493 0.008447729672650475
18 0.49406175771971494 0.5374868004223865 0.00870942201108472 0.013727560718057022
0 0.46318289786223277 0.5205913410770855 0.02929532858273951 0.04751847940865892
13 0.48693586698337293 0.5353748680042238 0.018210609659540775 0.022175290390707498
18 0.5439429928741093 0.5522703273495249 0.035629453681710214 0.027455121436114043
19 0.6532066508313539 0.46884899683210135 0.1021377672209026 0.19640971488912354
15 0.5328582739509106 0.5554382259767687 0.09659540775930324 0.023231256599788808
2 0.6144101346001584 0.5417106652587117 0.040380047505938245 0.0781414994720169
2 0.6563737133808393 0.542766631467793 0.04196357878068092 0.07708553326293559
18 0.5748218527315915 0.5723336853220697 0.0395882818685669 0.026399155227032733
18 0.6444972288202692 0.5839493136219641 0.07838479809976247 0.01583949313621964
16 0.8266033254156769 0.5987328405491025 0.06730007917656373 0.01583949313621964
17 0.8123515439429929 0.614572333685322 0.04908946951702296 0.022175290390707498
19 0.17973079968329375 0.5163674762407603 0.21931908155186064 0.3474128827877508
