18 0.4418052256532066 0.20274551214361142 0.01741884402216944 0.004223864836325237
13 0.49564528899445764 0.21119324181626187 0.015043547110055424 0.0031678986272439284
17 0.498812351543943 0.2133051742344245 0.019002375296912115 0.0031678986272439284
13 0.31274742676167855 0.21752903907074975 0.019002375296912115 0.007391763463569166
18 0.3072050673000792 0.21752903907074975 0.0166270783847981 0.007391763463569166
0 0.4718923198733175 0.21858500527983105 0.027711797307996833 0.007391763463569166
2 0.47030878859857483 0.2133051742344245 0.025336500395882817 0.023231256599788808
16 0.42042755344418054 0.23125659978880675 0.01979414093428345 0.012671594508975714
17 0.41330166270783847 0.23442449841605068 0.01741884402216944 0.005279831045406547
17 0.21773555027711797 0.2481520591341077 0.011084718923198733 0.010559662090813094
18 0.3079968329374505 0.2587117212249208 0.01583531274742676 0.006335797254487857
15 0.2723673792557403 0.27771911298838436 0.003167062549485352 0.0031678986272439284
15 0.26999208234362626 0.27983104540654696 0.00395882818685669 0.0031678986272439284
14 0.15518606492478226 0.3220696937697994 0.001583531274742676 0.0010559662090813093
2 0.273950910530483 0.3347412882787751 0.02929532858273951 0.03273495248152059
0 0.22486144101346 0.34635691657866946 0.019002375296912115 0.013727560718057022
0 0.2034837688044339 0.3611404435058078 0.02454473475851148 0.022175290390707498
0 0.498812351543943 0.20696937697993664 0.00870942201108472 0.008447729672650475
13 0.49564528899445764 0.21119324181626187 0.009501187648456057 0.0021119324181626186
0 0.4948535233570863 0.20485744456177402 0.011876484560570071 0.014783526927138331
2 0.45209817893903403 0.20802534318901794 0.000791765637371338 0.007391763463569166
2 0.44576405384006335 0.20802534318901794 0.011876484560570071 0.009503695881731784
13 0.5027711797307997 0.2133051742344245 0.019002375296912115 0.005279831045406547
18 0.4932699920823436 0.21436114044350582 0.014251781472684086 0.004223864836325237
15 0.46872525732383213 0.22280887011615627 0.018210609659540775 0.0031678986272439284
19 0.41092636579572445 0.18585005279831046 0.0498812351543943 0.08447729672650475
17 0.4164687252573238 0.23442449841605068 0.0166270783847981 0.006335797254487857
16 0.41884402216943784 0.23231256599788808 0.0166270783847981 0.009503695881731784
13 0.22169437846397466 0.249208025343189 0.028503562945368172 0.006335797254487857
19 0.56215360253365 0.20380147835269272 0.05938242280285035 0.10559662090813093
2 0.3119556611243072 0.24181626187961985 0.015043547110055424 0.03167898627243928
2 0.3072050673000792 0.2375923970432946 0.021377672209026127 0.042238648363252376
18 0.3262074425969913 0.2587117212249208 0.011084718923198733 0.010559662090813094
0 0.3119556611243072 0.2608236536430834 0.026920031670625493 0.010559662090813094
0 0.24386381631037213 0.27560718057022177 0.012668250197941409 0.007391763463569166
0 0.24228028503562946 0.27771911298838436 0.013460015835312747 0.004223864836325237
2 0.2161520190023753 0.26504751847940866 0.018210609659540775 0.03484688489968321
19 0.30324623911322246 0.21647307286166842 0.0934283452098179 0.14044350580781415
0 0.2082343626286619 0.27666314677930304 0.015043547110055424 0.026399155227032733
2 0.16864608076009502 0.2808870116156283 0.023752969121140142 0.03801478352692714
19 0.07838479809976247 0.24181626187961985 0.07759303246239113 0.12777191129883844
2 0.14014251781472684 0.2808870116156283 0.035629453681710214 0.05385427666314678
13 0.12351543942992874 0.30834213305174235 0.025336500395882817 0.007391763463569166
19 0.4164687252573238 0.24287222808870115 0.0791765637371338 0.14044350580781415
2 0.3491686460807601 0.30095036958817317 0.02454473475851148 0.026399155227032733
19 0.24782264449722882 0.28827877507919747 0.10134600158353127 0.1795142555438226
19 0.5003958828186856 0.29989440337909185 0.10292953285827396 0.17212249208025343
2 0.06730007917656373 0.3917634635691658 0.0395882818685669 0.03167898627243928
12 0.5122723673792557 0.4614572333685322 0.0997624703087886 0.20591341077085534
19 0.8677751385589866 0.4635691657866948 0.21060965954077593 0.3812038014783527
11 0.2826603325415677 0.8046462513199577 0.1749802058590657 0.17106652587117213
19 0.838479809976247 0.7581837381203802 0.3222486144101346 0.4836325237592397
10 0.5003958828186856 0.6990496304118268 0.4924782264449723 0.600844772967265
