18 0.4014251781472684 0.17317845828933473 0.03167062549485352 0.006335797254487857
18 0.33729216152019004 0.1795142555438226 0.047505938242280284 0.009503695881731784
13 0.34600158353127475 0.1805702217529039 0.04275534441805225 0.010559662090813094
17 0.440221694378464 0.1921858500527983 0.000791765637371338 0.0021119324181626186
2 0.42913697545526525 0.1890179514255544 0.025336500395882817 0.030623020063357972
0 0.3808392715756136 0.19746568109820486 0.012668250197941409 0.014783526927138331
16 0.4093428345209818 0.21119324181626187 0.0332541567695962 0.014783526927138331
17 0.4006334125098971 0.21858500527983105 0.034045922406967535 0.007391763463569166
2 0.3182897862232779 0.22914466737064415 0.0023752969121140144 0.008447729672650475
18 0.35233570863024544 0.2502639915522703 0.04908946951702296 0.010559662090813094
15 0.36342042755344417 0.27243928194297784 0.0958036421219319 0.024287222808870117
15 0.36500395882818687 0.27983104540654696 0.0894695170229612 0.027455121436114043
2 0.4615993665874901 0.3790918690601901 0.06492478226444973 0.0791974656810982
14 0.0665083135391924 0.4160506863780359 0.009501187648456057 0.007391763463569166
0 0.4014251781472684 0.4171066525871172 0.030087094220110848 0.042238648363252376
0 0.43547110055423593 0.4604012671594509 0.06334125098970704 0.05174234424498416
0 0.030878859857482184 0.6420274551214361 0.0625494853523357 0.1700105596620908
3 0.9960411718131433 0.006335797254487857 0.00791765637371338 0.013727560718057022
0 0.41884402216943784 0.17317845828933473 0.003167062549485352 0.0021119324181626186
19 0.9968329374505146 0.16156282998944033 0.0055423594615993665 0.03590285110876452
13 0.4418052256532066 0.1932418162618796 0.00395882818685669 0.006335797254487857
15 0.4243863816310372 0.20485744456177402 0.012668250197941409 0.0010559662090813093
2 0.39588281868566905 0.1900739176346357 0.00870942201108472 0.03167898627243928
18 0.3847980997624703 0.20485744456177402 0.01583531274742676 0.005279831045406547
2 0.4085510688836104 0.1921858500527983 0.018210609659540775 0.03484688489968321
18 0.38717339667458434 0.20908130939809927 0.011084718923198733 0.004223864836325237
16 0.4069675376088678 0.2133051742344245 0.03246239113222486 0.011615628299894404
17 0.3974663499604117 0.21647307286166842 0.023752969121140142 0.005279831045406547
19 0.27790973871733965 0.1678986272439282 0.07838479809976247 0.12988384371700107
19 0.5328582739509106 0.1689545934530095 0.0728424386381631 0.13621964097148892
2 0.36342042755344417 0.21964097148891235 0.028503562945368172 0.054910242872228086
2 0.33729216152019004 0.21752903907074975 0.03800475059382423 0.07497360084477296
18 0.3808392715756136 0.25131995776135163 0.010292953285827395 0.01583949313621964
19 0.2517814726840855 0.16156282998944033 0.2034837688044339 0.19640971488912354
0 0.35233570863024544 0.2587117212249208 0.03800475059382423 0.011615628299894404
13 0.3016627078384798 0.27455121436114044 0.0023752969121140144 0.011615628299894404
2 0.29453681710213775 0.2713833157338965 0.013460015835312747 0.03484688489968321
0 0.33174980205859067 0.27983104540654696 0.04592240696753761 0.023231256599788808
0 0.3269992082343626 0.2787750791974657 0.043547110055423596 0.024287222808870117
19 0.5605700712589073 0.2016895459345301 0.12351543942992874 0.22597676874340022
0 0.3119556611243072 0.28827877507919747 0.022169437846397466 0.057022175290390706
2 0.44418052256532065 0.3146779303062302 0.04117181314330958 0.04118268215417107
2 0.2953285827395091 0.29778247096092925 0.013460015835312747 0.08447729672650475
2 0.2589073634204275 0.3020063357972545 0.07759303246239113 0.13833157338965152
13 0.2327790973871734 0.3780359028511088 0.09659540775930324 0.007391763463569166
19 0.6175771971496437 0.26399155227032733 0.2288202692003167 0.4044350580781415
13 0.012668250197941409 0.662090813093981 0.025336500395882817 0.014783526927138331
0 0.015043547110055424 0.6578669482576558 0.030878859857482184 0.04963041182682154
2 0.3119556611243072 0.6430834213305174 0.11322248614410134 0.13199577613516367
