18 0.9992082343626286 0.5142555438225976 0.000791765637371338 0.005279831045406547
13 0.566904196357878 0.9007391763463569 0.011876484560570071 0.023231256599788808
15 0.5391923990498813 0.9134107708553326 0.04592240696753761 0.011615628299894404
0 0.5558194774346793 0.9260823653643083 0.035629453681710214 0.009503695881731784
15 0.8083927157561361 0.9757127771911299 0.08155186064924783 0.025343189017951427
2 0.4972288202692003 0.9672650475184794 0.043547110055423596 0.046462513199577615
15 0.6642913697545526 0.9809926082365364 0.3737133808392716 0.03695881731784583
19 0.9619952494061758 0.6346356916578669 0.028503562945368172 0.004223864836325237
2 0.5653206650831354 0.8912354804646251 0.015043547110055424 0.03273495248152059
2 0.5566112430720507 0.8880675818373812 0.026128266033254157 0.04012671594508976
2 0.5423594615993665 0.8891235480464625 0.00395882818685669 0.03907074973600845
0 0.5684877276326208 0.9070749736008448 0.010292953285827395 0.013727560718057022
13 0.55027711797308 0.9186906019007391 0.0023752969121140144 0.0021119324181626186
19 0.2327790973871734 0.8511087645195353 0.10372129849564529 0.146779303062302
13 0.6801266825019794 0.9376979936642027 0.04196357878068092 0.007391763463569166
19 0.6927949326999209 0.7824709609292503 0.13143309580364212 0.34107708553326294
13 0.620744259699129 0.9514255543822597 0.0855106888361045 0.011615628299894404
2 0.6049089469517023 0.8870116156282999 0.06730007917656373 0.14255543822597677
2 0.6302454473475851 0.9091869060190074 0.06096595407759303 0.11721224920802534
0 0.6452889944576405 0.9303062302006336 0.04592240696753761 0.10348468848996832
2 0.7878068091844814 0.9366420274551215 0.12984956452889945 0.09926082365364308
19 0.45447347585114806 0.8204857444561774 0.12826603325415678 0.3495248152059134
2 0.9097387173396675 0.8173178458289335 0.18052256532066507 0.36536430834213307
19 0.222486144101346 0.8194297782470961 0.28661916072842436 0.3611404435058078
