18 0.5740300870942201 0.8310454065469906 0.07996832937450514 0.01583949313621964
13 0.5835312747426762 0.8331573389651531 0.06413301662707839 0.01900739176346357
18 0.4885193982581156 0.8468848996832101 0.04275534441805225 0.008447729672650475
17 0.4671417260490895 0.8796198521647307 0.003167062549485352 0.0031678986272439284
2 0.5170229612034838 0.8711721224920802 0.01583531274742676 0.04118268215417107
16 0.5249406175771971 0.8954593453009504 0.03483768804433888 0.01795142555438226
17 0.5201900237529691 0.9102428722280888 0.043547110055423596 0.010559662090813094
2 0.30641330166270786 0.928194297782471 0.02058590657165479 0.029567053854276663
18 0.6175771971496437 0.9567053854276664 0.08234362628661916 0.01900739176346357
15 0.8163103721298496 0.996832101372756 0.09817893903404593 0.005279831045406547
19 0.1330166270783848 0.4065469904963041 0.2668250197941409 0.27455121436114044
3 0.9802058590657166 0.6568109820485745 0.038796516231195566 0.0897571277719113
0 0.45605700712589076 0.870116156282999 0.004750593824228029 0.008447729672650475
0 0.46476642913697547 0.8658922914466737 0.007125890736342043 0.027455121436114043
2 0.47743467933491684 0.8722280887011615 0.01741884402216944 0.046462513199577615
2 0.4972288202692003 0.8743400211193242 0.022961203483768806 0.04963041182682154
18 0.48535233570863023 0.8975712777191129 0.01741884402216944 0.010559662090813094
16 0.5233570863024545 0.9007391763463569 0.03721298495645289 0.012671594508975714
17 0.5146476642913698 0.9081309398099261 0.03642121931908155 0.011615628299894404
19 0.6167854315122724 0.8489968321013728 0.0934283452098179 0.1700105596620908
19 0.2905779889152811 0.8521647307286166 0.10688836104513064 0.1795142555438226
2 0.6310372129849564 0.9007391763463569 0.053840063341250986 0.10137275607180571
18 0.6223277909738717 0.9524815205913411 0.014251781472684086 0.0021119324181626186
2 0.5732383214568487 0.9007391763463569 0.06334125098970704 0.1351636747624076
0 0.6009501187648456 0.9704329461457233 0.07838479809976247 0.03590285110876452
19 0.8725257323832145 0.853220696937698 0.19794140934283452 0.293558606124604
0 0.9002375296912114 0.9873284054910243 0.07125890736342043 0.025343189017951427
2 0.7007125890736342 0.9746568109820486 0.13380839271575615 0.04963041182682154
19 0.37925574030087095 0.8373812038014784 0.3000791765637371 0.324181626187962
