13 0.7616785431512272 0.4551214361140444 0.011084718923198733 0.01795142555438226
15 0.7545526524148852 0.46673706441393875 0.04513064133016627 0.005279831045406547
18 0.9817893903404592 0.46673706441393875 0.03642121931908155 0.012671594508975714
17 0.9643705463182898 0.4699049630411827 0.00870942201108472 0.008447729672650475
15 0.8986539984164688 0.46673706441393875 0.1330166270783848 0.01900739176346357
15 0.9002375296912114 0.4720168954593453 0.13222486144101345 0.025343189017951427
14 0.8812351543942993 0.5163674762407603 0.007125890736342043 0.01795142555438226
18 0.8432304038004751 0.5258711721224921 0.027711797307996833 0.006335797254487857
0 0.8099762470308789 0.49947201689545934 0.11163895486935867 0.06230200633579725
0 0.7347585114806018 0.5364308342133052 0.006334125098970704 0.012671594508975714
0 0.7933491686460807 0.5406546990496304 0.026920031670625493 0.022175290390707498
2 0.7600950118764845 0.53220696937698 0.04433887569279493 0.05174234424498416
19 0.23198733174980204 0.38753959873284055 0.030878859857482184 0.03273495248152059
0 0.8725257323832145 0.4498416050686378 0.0166270783847981 0.026399155227032733
2 0.7569279493269992 0.4551214361140444 0.019002375296912115 0.01900739176346357
2 0.730799683293745 0.45406546990496305 0.011084718923198733 0.022175290390707498
2 0.9825811559778306 0.426610348468849 0.034045922406967535 0.08025343189017951
2 0.8495645288994458 0.44667370644139387 0.027711797307996833 0.04012671594508976
0 0.7664291369754552 0.4614572333685322 0.022961203483768806 0.013727560718057022
13 0.9540775930324624 0.46673706441393875 0.012668250197941409 0.006335797254487857
2 0.9374505146476643 0.4530095036958817 0.057007125890736345 0.03273495248152059
2 0.7450514647664291 0.45617740232312565 0.01741884402216944 0.029567053854276663
13 0.7521773555027712 0.470960929250264 0.02058590657165479 0.0021119324181626186
2 0.831353919239905 0.4424498416050686 0.03483768804433888 0.061246040126715945
13 0.8194774346793349 0.4720168954593453 0.018210609659540775 0.0031678986272439284
0 0.9255740300870943 0.4720168954593453 0.03721298495645289 0.007391763463569166
0 0.9311163895486936 0.4720168954593453 0.07521773555027712 0.007391763463569166
0 0.9619952494061758 0.47412882787750793 0.02058590657165479 0.006335797254487857
18 0.9746634996041171 0.47412882787750793 0.050673000791765635 0.012671594508975714
19 0.5304829770387965 0.44456177402323127 0.06096595407759303 0.11510031678986272
19 0.6730007917656373 0.4044350580781415 0.07996832937450514 0.21752903907074975
19 0.850356294536817 0.3917634635691658 0.08471892319873317 0.24498416050686378
11 0.3657957244655582 0.5026399155227033 0.03483768804433888 0.025343189017951427
10 0.23357086302454474 0.4614572333685322 0.09817893903404593 0.1235480464625132
13 0.8582739509105305 0.5227032734952481 0.022169437846397466 0.004223864836325237
2 0.7466349960411718 0.515311510031679 0.023752969121140142 0.022175290390707498
19 0.6579572446555819 0.4297782470960929 0.11401425178147269 0.1932418162618796
0 0.8471892319873318 0.5258711721224921 0.03167062549485352 0.010559662090813094
12 0.2977038796516231 0.47412882787750793 0.056215360253365 0.11615628299894404
19 0.09422011084718923 0.4392819429778247 0.17418844022169439 0.1890179514255544
19 0.3436262866191607 0.4350580781414995 0.1227236737925574 0.21858500527983105
19 0.7038796516231196 0.39809926082365366 0.2034837688044339 0.3495248152059134
2 0.8709422011084719 0.5649419218585006 0.0688836104513064 0.061246040126715945
