18 0.5114806017418844 0.24076029567053855 0.02058590657165479 0.004223864836325237
17 0.55027711797308 0.249208025343189 0.007125890736342043 0.0031678986272439284
0 0.5019794140934284 0.25343189017951423 0.00870942201108472 0.010559662090813094
2 0.5328582739509106 0.2502639915522703 0.022961203483768806 0.023231256599788808
18 0.4338875692794933 0.2608236536430834 0.023752969121140142 0.005279831045406547
13 0.43626286619160726 0.2608236536430834 0.018210609659540775 0.007391763463569166
2 0.4734758511480602 0.26715945089757126 0.013460015835312747 0.005279831045406547
17 0.4916864608076009 0.2734952481520591 0.007125890736342043 0.005279831045406547
18 0.43705463182897863 0.30306230200633577 0.026128266033254157 0.006335797254487857
17 0.3950910530482977 0.3167898627243928 0.006334125098970704 0.0031678986272439284
15 0.4251781472684085 0.31890179514255546 0.04908946951702296 0.01900739176346357
15 0.4235946159936659 0.32101372756071805 0.050673000791765635 0.023231256599788808
2 0.4592240696753761 0.382259767687434 0.0395882818685669 0.04118268215417107
0 0.4180522565320665 0.39809926082365366 0.018210609659540775 0.021119324181626188
0 0.42042755344418054 0.4171066525871172 0.028503562945368172 0.022175290390707498
18 0.2034837688044339 0.4244984160506864 0.038796516231195566 0.009503695881731784
0 0.20506730007917656 0.42555438225976766 0.0855106888361045 0.03907074973600845
15 0.0332541567695962 0.5353748680042238 0.023752969121140142 0.01583949313621964
2 0.01979414093428345 0.7212249208025343 0.0395882818685669 0.12038014783526928
0 0.5352335708630246 0.2375923970432946 0.0023752969121140144 0.004223864836325237
0 0.5415676959619953 0.23864836325237593 0.007125890736342043 0.011615628299894404
13 0.5447347585114806 0.2470960929250264 0.000791765637371338 0.0010559662090813093
13 0.5510688836104513 0.2481520591341077 0.010292953285827395 0.005279831045406547
18 0.5455265241488519 0.2502639915522703 0.003167062549485352 0.004223864836325237
15 0.5233570863024545 0.25976768743400214 0.00395882818685669 0.0010559662090813093
18 0.5043547110055424 0.25976768743400214 0.004750593824228029 0.0031678986272439284
2 0.5083135391923991 0.25131995776135163 0.003167062549485352 0.024287222808870117
18 0.5067300079176563 0.26399155227032733 0.0023752969121140144 0.0021119324181626186
2 0.5154394299287411 0.25343189017951423 0.011876484560570071 0.024287222808870117
19 0.44576405384006335 0.22703273495248152 0.05304829770387965 0.08870116156282999
17 0.4916864608076009 0.27243928194297784 0.003167062549485352 0.0031678986272439284
19 0.6199524940617577 0.2375923970432946 0.056215360253365 0.1003167898627244
2 0.444972288202692 0.28511087645195354 0.01583531274742676 0.03167898627243928
2 0.4330958036421219 0.2819429778247096 0.021377672209026127 0.04329461457233368
18 0.4552652414885194 0.3020063357972545 0.00395882818685669 0.011615628299894404
19 0.4014251781472684 0.2481520591341077 0.11243072050673 0.12249208025343189
0 0.43784639746634996 0.3051742344244984 0.02929532858273951 0.011615628299894404
13 0.384006334125099 0.3199577613516367 0.02929532858273951 0.011615628299894404
0 0.4093428345209818 0.32101372756071805 0.03167062549485352 0.013727560718057022
0 0.41092636579572445 0.3220696937697994 0.03246239113222486 0.013727560718057022
2 0.37767220902612825 0.31784582893347413 0.018210609659540775 0.027455121436114043
0 0.38558986539984164 0.32840549102428723 0.012668250197941409 0.028511087645195353
19 0.566904196357878 0.2819429778247096 0.0791765637371338 0.13938753959873285
2 0.36342042755344417 0.3347412882787751 0.013460015835312747 0.04118268215417107
2 0.48931116389548696 0.34424498416050686 0.025336500395882817 0.026399155227032733
2 0.34441805225653205 0.337909186906019 0.03167062549485352 0.059134107708553325
13 0.3285827395091053 0.36958817317845827 0.035629453681710214 0.006335797254487857
19 0.2082343626286619 0.30306230200633577 0.09263657957244656 0.15100316789862725
19 0.498812351543943 0.3368532206969377 0.110055423594616 0.1890179514255544
13 0.2209026128266033 0.43294614572333684 0.026920031670625493 0.009503695881731784
13 0.20031670625494855 0.44139387539598735 0.04117181314330958 0.01900739176346357
0 0.20665083135391923 0.440337909186906 0.05779889152810768 0.03167898627243928
2 0.3254156769596199 0.4656810982048574 0.0395882818685669 0.04012671594508976
19 0.8400633412509897 0.36642027455121434 0.20665083135391923 0.2470960929250264
2 0.022961203483768806 0.5058078141499472 0.043547110055423596 0.050686378035902854
13 0.035629453681710214 0.545934530095037 0.018210609659540775 0.008447729672650475
17 0.03167062549485352 0.5480464625131996 0.012668250197941409 0.013727560718057022
2 0.015043547110055424 0.5311510031678986 0.030087094220110848 0.08236536430834214
12 0.9556611243072051 0.47624076029567053 0.07046714172604909 0.19852164730728616
19 0.110055423594616 0.43189017951425557 0.2209026128266033 0.82259767687434
19 0.5336500395882818 0.6346356916578669 0.2604908946951702 0.4350580781414995
