18 0.5455265241488519 0.36219640971488914 0.011084718923198733 0.004223864836325237
2 0.5566112430720507 0.36747624076029567 0.012668250197941409 0.012671594508975714
14 0.3238321456848773 0.5448785638859557 0.0332541567695962 0.01795142555438226
18 0.30403800475059384 0.6367476240760296 0.07838479809976247 0.01795142555438226
0 0.3103721298495645 0.6399155227032735 0.14093428345209819 0.0781414994720169
14 0.0831353919239905 0.7402323125659979 0.0768012668250198 0.042238648363252376
13 0.14885193982581155 0.8289334741288279 0.11322248614410134 0.09292502639915523
15 0.05304829770387965 0.996832101372756 0.02454473475851148 0.005279831045406547
19 0.6492478226444972 0.33896515311510034 0.06967537608867776 0.04329461457233368
0 0.5542359461599367 0.3590285110876452 0.006334125098970704 0.004223864836325237
19 0.36896278701504354 0.3474128827877508 0.011876484560570071 0.028511087645195353
2 0.5463182897862233 0.36747624076029567 0.00791765637371338 0.006335797254487857
19 0.6389548693586699 0.3558606124604013 0.0625494853523357 0.03273495248152059
19 0.6492478226444972 0.3400211193241816 0.0625494853523357 0.07180570221752904
19 0.9936658749010293 0.39809926082365366 0.011876484560570071 0.03695881731784583
19 0.22169437846397466 0.4382259767687434 0.14093428345209819 0.21436114044350582
13 0.3254156769596199 0.6473072861668426 0.07759303246239113 0.02006335797254488
13 0.31987331749802056 0.672650475184794 0.07838479809976247 0.030623020063357972
0 0.3285827395091053 0.6715945089757128 0.0791765637371338 0.07391763463569166
0 0.11718131433095803 0.8574445617740233 0.11084718923198733 0.12249208025343189
19 0.6278701504354711 0.49947201689545934 0.5320665083135392 1.0
2 0.06175771971496437 0.9165786694825766 0.12430720506730007 0.16684266103484688
2 0.015043547110055424 0.9662090813093981 0.030087094220110848 0.0675818373812038
