18 0.5510688836104513 0.3484688489968321 0.026128266033254157 0.005279831045406547
18 0.5114806017418844 0.36642027455121434 0.035629453681710214 0.008447729672650475
13 0.517814726840855 0.36642027455121434 0.03167062549485352 0.008447729672650475
0 0.5312747426761678 0.36536430834213307 0.011084718923198733 0.012671594508975714
2 0.5732383214568487 0.3611404435058078 0.019002375296912115 0.025343189017951427
16 0.5581947743467933 0.3812038014783527 0.026920031670625493 0.012671594508975714
17 0.552652414885194 0.38753959873284055 0.02454473475851148 0.004223864836325237
18 0.5201900237529691 0.4192185850052798 0.03721298495645289 0.006335797254487857
15 0.5344418052256532 0.4392819429778247 0.06967537608867776 0.022175290390707498
15 0.5384006334125099 0.44456177402323127 0.05859065716547902 0.022175290390707498
14 0.3412509897070467 0.5385427666314678 0.03483768804433888 0.01795142555438226
2 0.6064924782264449 0.5248152059134108 0.0498812351543943 0.06019007391763464
0 0.5613618368962787 0.5501583949313622 0.021377672209026127 0.03167898627243928
0 0.5898653998416469 0.5839493136219641 0.04592240696753761 0.03801478352692714
18 0.3436262866191607 0.6409714889123548 0.08709422011084719 0.01900739176346357
0 0.35391923990498814 0.6441393875395988 0.15518606492478226 0.08764519535374868
14 0.0997624703087886 0.7550158394931362 0.08392715756136183 0.046462513199577615
13 0.19635787806809185 0.8764519535374868 0.1290577988915281 0.10348468848996832
0 0.5653206650831354 0.34635691657866946 0.007125890736342043 0.004223864836325237
13 0.5827395091053048 0.3600844772967265 0.001583531274742676 0.005279831045406547
15 0.5684877276326208 0.3727560718057022 0.009501187648456057 0.0010559662090813093
2 0.5463182897862233 0.3611404435058078 0.00791765637371338 0.026399155227032733
18 0.5344418052256532 0.3727560718057022 0.015043547110055424 0.004223864836325237
2 0.5566112430720507 0.36430834213305174 0.014251781472684086 0.027455121436114043
18 0.5415676959619953 0.37697993664202745 0.01741884402216944 0.004223864836325237
17 0.5486935866983373 0.3843717001055966 0.01741884402216944 0.0031678986272439284
16 0.5566112430720507 0.3833157338965153 0.026920031670625493 0.009503695881731784
19 0.4433887569279493 0.3558606124604013 0.04513064133016627 0.06863780359028511
19 0.6634996041171813 0.3453009503695882 0.06334125098970704 0.1119324181626188
2 0.5296912114014252 0.395987328405491 0.021377672209026127 0.04118268215417107
2 0.5098970704671417 0.3938753959873284 0.030087094220110848 0.054910242872228086
18 0.5423594615993665 0.42027455121436114 0.00791765637371338 0.011615628299894404
0 0.5193982581155978 0.42344244984160506 0.028503562945368172 0.014783526927138331
2 0.46872525732383213 0.43083421330517424 0.022169437846397466 0.022175290390707498
0 0.5217735550277118 0.44350580781414994 0.006334125098970704 0.01795142555438226
0 0.5146476642913698 0.44350580781414994 0.013460015835312747 0.01900739176346357
13 0.4568487727632621 0.44878563885955647 0.00395882818685669 0.008447729672650475
19 0.4489311163895487 0.368532206969377 0.14885193982581155 0.18268215417106654
0 0.505938242280285 0.45406546990496305 0.00791765637371338 0.04012671594508976
19 0.6880443388756928 0.38753959873284055 0.09897070467141726 0.17423442449841606
2 0.5882818685669042 0.470960929250264 0.034045922406967535 0.0337909186906019
2 0.47980997624703087 0.4677930306230201 0.043547110055423596 0.0908130939809926
13 0.46239113222486145 0.5174234424498416 0.060174188440221696 0.006335797254487857
19 0.23515439429928742 0.426610348468849 0.14885193982581155 0.22597676874340022
19 0.7315914489311164 0.4582893347412883 0.16468725257323832 0.27771911298838436
13 0.3657957244655582 0.6525871172122492 0.08630245447347586 0.024287222808870117
13 0.3665874901029295 0.6821541710665259 0.08709422011084719 0.03484688489968321
0 0.3737133808392716 0.6810982048574445 0.0791765637371338 0.08447729672650475
2 0.5241488519398259 0.6863780359028511 0.06492478226444973 0.07602956705385427
0 0.15756136183689629 0.9081309398099261 0.12747426761678543 0.146779303062302
19 0.9295328582739509 0.49947201689545934 0.14014251781472684 1.0
2 0.08709422011084719 0.9440337909186906 0.17418844022169439 0.1119324181626188
