18 0.8677751385589866 0.36536430834213307 0.13460015835312747 0.025343189017951427
17 0.9936658749010293 0.48996832101372756 0.012668250197941409 0.0021119324181626186
16 0.9643705463182898 0.4804646251319958 0.07046714172604909 0.023231256599788808
2 0.6373713380839272 0.4614572333685322 0.15993665874901028 0.15100316789862725
0 0.5866983372921615 0.5269271383315733 0.2161520190023753 0.09820485744456177
17 0.23357086302454474 0.5607180570221753 0.08867775138558986 0.06969376979936642
0 0.7909738717339667 0.5586061246040127 0.1330166270783848 0.10242872228088701
13 0.035629453681710214 0.6282998944033791 0.07205067300079177 0.09186906019007392
3 0.08867775138558986 0.15100316789862725 0.07363420427553444 0.11615628299894404
23 0.16468725257323832 0.18373812038014783 0.08471892319873317 0.06230200633579725
21 0.39429928741092635 0.20380147835269272 0.0166270783847981 0.05174234424498416
3 0.4323040380047506 0.21541710665258712 0.06571654790182106 0.03907074973600845
6 0.5732383214568487 0.22808870116156282 0.06175771971496437 0.03484688489968321
19 0.8519398258115598 0.31573389651531153 0.053840063341250986 0.0559662090813094
22 0.6025336500395883 0.34635691657866946 0.07363420427553444 0.08342133051742344
23 0.16864608076009502 0.36219640971488914 0.09184481393507522 0.12777191129883844
19 0.718923198733175 0.3727560718057022 0.11243072050673 0.13621964097148892
10 0.8582739509105305 0.3928194297782471 0.12826603325415678 0.09926082365364308
12 0.8749010292953285 0.42555438225976766 0.004750593824228029 0.05279831045406547
16 0.9754552652414885 0.48468848996832103 0.04908946951702296 0.010559662090813094
19 0.9263657957244655 0.3632523759239704 0.14647664291369755 0.26399155227032733
17 0.9778305621536025 0.49208025343189016 0.04433887569279493 0.011615628299894404
2 0.8661916072842438 0.4508975712777191 0.021377672209026127 0.15311510031678988
2 0.8139350752177356 0.4604012671594509 0.10134600158353127 0.17212249208025343
19 0.2842438638163104 0.337909186906019 0.16468725257323832 0.42555438225976766
18 0.9208234362628662 0.5300950369588173 0.03800475059382423 0.06335797254487856
18 0.601741884402217 0.5364308342133052 0.12114014251781473 0.08658922914466737
18 0.3072050673000792 0.5596620908130939 0.1583531274742676 0.05279831045406547
18 0.8471892319873318 0.5586061246040127 0.13143309580364212 0.06546990496304118
13 0.20190023752969122 0.5554382259767687 0.10847189231987332 0.07497360084477296
0 0.1583531274742676 0.5121436114044351 0.15676959619952494 0.17529039070749736
15 0.5399841646872525 0.5638859556494192 0.31116389548693585 0.0791974656810982
13 0.023752969121140142 0.6103484688489969 0.047505938242280284 0.050686378035902854
