2 0.7632620744259699 0.46462513199577615 0.001583531274742676 0.012671594508975714
13 0.7925574030087095 0.4614572333685322 0.01741884402216944 0.022175290390707498
15 0.9873317498020586 0.4720168954593453 0.025336500395882817 0.010559662090813094
15 0.7806809184481394 0.4730728616684266 0.05463182897862233 0.007391763463569166
15 0.9881235154394299 0.4815205913410771 0.023752969121140142 0.013727560718057022
2 0.7117973079968329 0.5058078141499472 0.00395882818685669 0.024287222808870117
14 0.9469517022961204 0.5248152059134108 0.0332541567695962 0.01795142555438226
0 0.8630245447347585 0.5058078141499472 0.12668250197941408 0.06546990496304118
0 0.828978622327791 0.542766631467793 0.03642121931908155 0.029567053854276663
2 0.8511480601741884 0.5374868004223865 0.01583531274742676 0.0454065469904963
19 0.2121931908155186 0.38753959873284055 0.040380047505938245 0.04329461457233368
2 0.934283452098179 0.4139387539598733 0.0055423594615993665 0.007391763463569166
2 0.953285827395091 0.4371700105596621 0.018210609659540775 0.023231256599788808
0 0.9873317498020586 0.45195353748680045 0.022961203483768806 0.03167898627243928
2 0.7727632620744259 0.4582893347412883 0.018210609659540775 0.025343189017951427
2 0.7545526524148852 0.4593453009503696 0.0166270783847981 0.023231256599788808
2 0.7878068091844814 0.4604012671594509 0.022169437846397466 0.022175290390707498
0 0.8004750593824228 0.46673706441393875 0.025336500395882817 0.013727560718057022
13 0.784639746634996 0.47624076029567053 0.023752969121140142 0.0021119324181626186
19 0.5439429928741093 0.4477296726504752 0.0625494853523357 0.12565997888067582
19 0.8923198733174981 0.395987328405491 0.0768012668250198 0.25343189017951423
19 0.6935866983372921 0.4065469904963041 0.0831353919239905 0.23231256599788808
11 0.38004750593824227 0.5142555438225976 0.011084718923198733 0.021119324181626188
13 0.9231987331749802 0.5311510031678986 0.007125890736342043 0.0031678986272439284
19 0.7149643705463183 0.43083421330517424 0.10372129849564529 0.2133051742344245
10 0.22486144101346 0.46673706441393875 0.1163895486935867 0.14149947201689547
0 0.9231987331749802 0.5353748680042238 0.006334125098970704 0.010559662090813094
2 0.8044338875692795 0.5258711721224921 0.028503562945368172 0.028511087645195353
12 0.30324623911322246 0.47940865892291445 0.05779889152810768 0.1341077085533263
19 0.08234362628661916 0.440337909186906 0.16468725257323832 0.21964097148891235
19 0.37292161520190026 0.4350580781414995 0.15281076801266824 0.25448785638859556
19 0.8796516231195566 0.3780359028511088 0.24069675376088678 0.44667370644139387
