18 0.8297703879651623 0.3917634635691658 0.10372129849564529 0.025343189017951427
17 0.9960411718131433 0.5068637803590285 0.00791765637371338 0.009503695881731784
16 0.9683293745051464 0.5026399155227033 0.0625494853523357 0.02006335797254488
2 0.6152019002375297 0.4783526927138332 0.12826603325415678 0.1341077085533263
0 0.557403008709422 0.5332629355860612 0.17339667458432304 0.08658922914466737
17 0.2581155977830562 0.5512143611404435 0.056215360253365 0.057022175290390706
0 0.7015043547110056 0.5638859556494192 0.11797307996832937 0.08764519535374868
13 0.08392715756136183 0.5987328405491025 0.09738717339667459 0.07074973600844774
3 0.20506730007917656 0.18690601900739176 0.06096595407759303 0.10137275607180571
23 0.2676167854315123 0.21119324181626187 0.0688836104513064 0.0559662090813094
21 0.4806017418844022 0.22175290390707497 0.014251781472684086 0.050686378035902854
7 0.48693586698337293 0.2481520591341077 0.04908946951702296 0.0031678986272439284
3 0.517814726840855 0.23231256599788808 0.06730007917656373 0.04012671594508976
6 0.6571654790182107 0.23970432946145723 0.06413301662707839 0.03801478352692714
19 0.8052256532066508 0.3505807814149947 0.12114014251781473 0.07074973600844774
22 0.6904196357878069 0.36958817317845827 0.0768012668250198 0.10876451953537487
23 0.2755344418052256 0.37486800422386485 0.08234362628661916 0.11615628299894404
10 0.931908155186065 0.40549102428722283 0.13539192399049882 0.10348468848996832
12 0.9374505146476643 0.42027455121436114 0.06492478226444973 0.09609292502639916
19 0.9303246239113222 0.3907074973600845 0.07838479809976247 0.18585005279831046
19 0.9580364212193191 0.3864836325237592 0.08392715756136183 0.2122492080253432
16 0.9786223277909739 0.5068637803590285 0.04275534441805225 0.009503695881731784
17 0.9809976247030879 0.5142555438225976 0.03721298495645289 0.012671594508975714
2 0.8060174188440221 0.4720168954593453 0.07521773555027712 0.1457233368532207
19 0.33966745843230406 0.36219640971488914 0.14251781472684086 0.36642027455121434
2 0.770387965162312 0.4804646251319958 0.09105304829770387 0.15945089757127773
18 0.3119556611243072 0.5533262935586061 0.11163895486935867 0.046462513199577615
18 0.8844022169437846 0.5469904963041182 0.02454473475851148 0.06019007391763464
13 0.2327790973871734 0.5491024287222809 0.07125890736342043 0.057022175290390706
18 0.5613618368962787 0.5417106652587117 0.08155186064924783 0.07708553326293559
0 0.19398258115597783 0.5110876451953538 0.11797307996832937 0.13833157338965152
15 0.5083135391923991 0.5586061246040127 0.28186856690419637 0.06546990496304118
18 0.7608867775138559 0.5649419218585006 0.13064133016627077 0.07180570221752904
0 0.03642121931908155 0.5586061246040127 0.0728424386381631 0.08553326293558607
13 0.06809184481393507 0.5976768743400211 0.09263657957244656 0.0675818373812038
