18 0.4750593824228028 0.08130939809926083 0.021377672209026127 0.004223864836325237
13 0.5130641330166271 0.08658922914466737 0.0023752969121140144 0.0010559662090813093
17 0.5186064924782264 0.08870116156282999 0.007125890736342043 0.0031678986272439284
0 0.4671417260490895 0.09398099260823653 0.00870942201108472 0.012671594508975714
2 0.49802058590657167 0.0908130939809926 0.02454473475851148 0.025343189017951427
18 0.38163103721298497 0.10665258711721225 0.00870942201108472 0.0021119324181626186
13 0.3847980997624703 0.10665258711721225 0.00395882818685669 0.004223864836325237
2 0.442596991290578 0.10242872228088701 0.015043547110055424 0.01689545934530095
16 0.4679334916864608 0.11404435058078141 0.021377672209026127 0.012671594508975714
17 0.46080760095011875 0.11826821541710665 0.021377672209026127 0.004223864836325237
18 0.39429928741092635 0.15311510031678988 0.025336500395882817 0.006335797254487857
17 0.34679334916864607 0.1689545934530095 0.010292953285827395 0.0031678986272439284
15 0.3784639746634996 0.17106652587117213 0.04908946951702296 0.021119324181626188
15 0.3768804433887569 0.17317845828933473 0.0498812351543943 0.025343189017951427
2 0.4101346001583531 0.2375923970432946 0.03642121931908155 0.042238648363252376
0 0.37133808392715756 0.25343189017951423 0.01741884402216944 0.021119324181626188
0 0.37133808392715756 0.27455121436114044 0.026128266033254157 0.024287222808870117
18 0.15676959619952494 0.28616684266103487 0.034045922406967535 0.009503695881731784
0 0.15756136183689629 0.28722280887011614 0.08155186064924783 0.03907074973600845
13 0.06492478226444973 0.3590285110876452 0.006334125098970704 0.01583949313621964
15 0.0023752969121140144 0.3928194297782471 0.004750593824228029 0.009503695881731784
2 0.0055423594615993665 0.5522703273495249 0.011876484560570071 0.09398099260823653
0 0.5067300079176563 0.0791974656810982 0.006334125098970704 0.006335797254487857
13 0.5146476642913698 0.08658922914466737 0.000791765637371338 0.0010559662090813093
0 0.5098970704671417 0.08025343189017951 0.007125890736342043 0.013727560718057022
13 0.5193982581155978 0.08870116156282999 0.010292953285827395 0.0031678986272439284
18 0.5122723673792557 0.0897571277719113 0.0055423594615993665 0.005279831045406547
15 0.48931116389548696 0.1003167898627244 0.006334125098970704 0.0031678986272439284
19 0.4117181314330958 0.05807814149947202 0.05304829770387965 0.08764519535374868
18 0.4663499604117181 0.10137275607180571 0.010292953285827395 0.0031678986272439284
2 0.4734758511480602 0.09186906019007392 0.004750593824228029 0.026399155227032733
2 0.47980997624703087 0.09503695881731784 0.011876484560570071 0.026399155227032733
18 0.4671417260490895 0.10770855332629356 0.010292953285827395 0.004223864836325237
17 0.46239113222486145 0.11721224920802534 0.01979414093428345 0.004223864836325237
16 0.4663499604117181 0.11615628299894404 0.021377672209026127 0.010559662090813094
19 0.5882818685669042 0.07602956705385427 0.05779889152810768 0.10876451953537487
2 0.4006334125098971 0.13727560718057022 0.015043547110055424 0.027455121436114043
2 0.38638163103721296 0.12988384371700107 0.014251781472684086 0.0454065469904963
18 0.41330166270783847 0.15205913410770855 0.004750593824228029 0.011615628299894404
19 0.3578780680918448 0.09186906019007392 0.11322248614410134 0.13199577613516367
0 0.3950910530482977 0.15522703273495247 0.030087094220110848 0.013727560718057022
13 0.34837688044338877 0.1700105596620908 0.009501187648456057 0.007391763463569166
0 0.36342042755344417 0.17317845828933473 0.03246239113222486 0.01583949313621964
0 0.3657957244655582 0.17423442449841606 0.0332541567695962 0.01583949313621964
2 0.33174980205859067 0.17106652587117213 0.018210609659540775 0.029567053854276663
0 0.33729216152019004 0.18373812038014783 0.011876484560570071 0.029567053854276663
19 0.5217735550277118 0.12988384371700107 0.08076009501187649 0.146779303062302
2 0.44576405384006335 0.19429778247096094 0.02454473475851148 0.026399155227032733
2 0.31353919239904987 0.191129883843717 0.0166270783847981 0.042238648363252376
2 0.2937450514647664 0.19429778247096094 0.0332541567695962 0.06019007391763464
13 0.28028503562945367 0.22703273495248152 0.03483768804433888 0.006335797254487857
19 0.16072842438638163 0.15522703273495247 0.09422011084718923 0.15522703273495247
19 0.4410134600158353 0.1932418162618796 0.10926365795724466 0.1900739176346357
13 0.16706254948535235 0.2925026399155227 0.035629453681710214 0.012671594508975714
13 0.15201900237529692 0.3020063357972545 0.038796516231195566 0.01795142555438226
0 0.1583531274742676 0.3020063357972545 0.05463182897862233 0.03167898627243928
2 0.2755344418052256 0.32312565997888065 0.038796516231195566 0.03801478352692714
19 0.7608867775138559 0.2249208025343189 0.18131433095803642 0.23970432946145723
2 0.000791765637371338 0.3843717001055966 0.0023752969121140144 0.005279831045406547
13 0.000791765637371338 0.4012671594508976 0.0023752969121140144 0.0031678986272439284
17 0.001583531274742676 0.40760295670538543 0.00395882818685669 0.008447729672650475
12 0.8424386381631037 0.33157338965153116 0.07205067300079177 0.18479408658922913
10 0.9556611243072051 0.43611404435058077 0.08867775138558986 0.2914466737064414
19 0.08709422011084719 0.39704329461457233 0.17418844022169439 0.5036958817317846
19 0.4101346001583531 0.4730728616684266 0.21694378463974665 0.3558606124604013
11 0.9160728424386382 0.6219640971488912 0.16785431512272367 0.11826821541710665
