18 0.4932699920823436 0.11615628299894404 0.02058590657165479 0.004223864836325237
17 0.5352335708630246 0.1246040126715945 0.00791765637371338 0.0031678986272439284
0 0.4837688044338876 0.12882787750791974 0.00870942201108472 0.011615628299894404
2 0.46239113222486145 0.133051742344245 0.00395882818685669 0.005279831045406547
2 0.5154394299287411 0.12565997888067582 0.02454473475851148 0.024287222808870117
13 0.40617577197149646 0.13833157338965152 0.003167062549485352 0.004223864836325237
18 0.40617577197149646 0.13938753959873285 0.01583531274742676 0.005279831045406547
16 0.48614410134600156 0.14783526927138332 0.021377672209026127 0.011615628299894404
17 0.48614410134600156 0.15311510031678988 0.00791765637371338 0.0031678986272439284
18 0.4140934283452098 0.18479408658922913 0.026128266033254157 0.005279831045406547
17 0.36975455265241486 0.2006335797254488 0.00791765637371338 0.0031678986272439284
15 0.4006334125098971 0.20274551214361142 0.04829770387965162 0.021119324181626188
15 0.3990498812351544 0.20485744456177402 0.050673000791765635 0.025343189017951427
2 0.4330958036421219 0.2692713833157339 0.038796516231195566 0.042238648363252376
0 0.393507521773555 0.2840549102428722 0.018210609659540775 0.022175290390707498
0 0.3950910530482977 0.30623020063357975 0.026920031670625493 0.025343189017951427
18 0.17814726840855108 0.3146779303062302 0.03642121931908155 0.009503695881731784
0 0.1789390340459224 0.31573389651531153 0.0831353919239905 0.03907074973600845
15 0.013460015835312747 0.42344244984160506 0.01979414093428345 0.012671594508975714
2 0.013460015835312747 0.5934530095036958 0.027711797307996833 0.10559662090813093
0 0.5209817893903405 0.1119324181626188 0.00395882818685669 0.005279831045406547
0 0.5265241488519399 0.11404435058078141 0.00791765637371338 0.012671594508975714
13 0.5296912114014252 0.12249208025343189 0.003167062549485352 0.0010559662090813093
13 0.5360253365003959 0.1235480464625132 0.010292953285827395 0.005279831045406547
18 0.5288994457640538 0.12565997888067582 0.00395882818685669 0.004223864836325237
19 0.42755344418052255 0.0908130939809926 0.053840063341250986 0.07708553326293559
15 0.5051464766429137 0.13621964097148892 0.003167062549485352 0.0021119324181626186
18 0.4837688044338876 0.13621964097148892 0.011084718923198733 0.0031678986272439284
2 0.4901029295328583 0.12777191129883844 0.003167062549485352 0.025343189017951427
2 0.4972288202692003 0.13093980992608237 0.011876484560570071 0.025343189017951427
18 0.4845605700712589 0.14255543822597677 0.010292953285827395 0.004223864836325237
17 0.4837688044338876 0.15205913410770855 0.004750593824228029 0.0021119324181626186
16 0.48535233570863023 0.14994720168954592 0.02058590657165479 0.009503695881731784
19 0.6057007125890737 0.1119324181626188 0.05779889152810768 0.10876451953537487
2 0.4220110847189232 0.16684266103484688 0.01583531274742676 0.0337909186906019
2 0.4077593032462391 0.16261879619852165 0.01583531274742676 0.046462513199577615
18 0.4330958036421219 0.18479408658922913 0.00395882818685669 0.012671594508975714
19 0.37767220902612825 0.12565997888067582 0.11480601741884403 0.13093980992608237
0 0.4156769596199525 0.18796198521647306 0.030087094220110848 0.012671594508975714
13 0.3594615993665875 0.20380147835269272 0.02929532858273951 0.011615628299894404
0 0.3847980997624703 0.20485744456177402 0.03246239113222486 0.014783526927138331
0 0.38717339667458434 0.20591341077085534 0.0332541567695962 0.014783526927138331
2 0.35312747426761676 0.2016895459345301 0.018210609659540775 0.029567053854276663
0 0.3594615993665875 0.2133051742344245 0.013460015835312747 0.028511087645195353
19 0.5439429928741093 0.16156282998944033 0.08155186064924783 0.146779303062302
2 0.4671417260490895 0.22808870116156282 0.025336500395882817 0.027455121436114043
2 0.33650039588281866 0.22069693769799367 0.015043547110055424 0.042238648363252376
2 0.3167062549485352 0.2238648363252376 0.0332541567695962 0.061246040126715945
13 0.30245447347585114 0.2565997888067582 0.03642121931908155 0.006335797254487857
19 0.17973079968329375 0.18585005279831046 0.0934283452098179 0.1573389651531151
19 0.46951702296120346 0.22175290390707497 0.11084718923198733 0.1932418162618796
13 0.19319081551860648 0.3220696937697994 0.027711797307996833 0.009503695881731784
13 0.17339667458432304 0.33051742344244983 0.040380047505938245 0.01795142555438226
0 0.18052256532066507 0.33051742344244983 0.055423594615993665 0.03167898627243928
2 0.2992874109263658 0.35374868004223864 0.0395882818685669 0.03907074973600845
19 0.8036421219319082 0.25343189017951423 0.19635787806809185 0.2470960929250264
2 0.011084718923198733 0.395987328405491 0.022169437846397466 0.04751847940865892
13 0.0166270783847981 0.43400211193241817 0.011876484560570071 0.006335797254487857
17 0.015043547110055424 0.43611404435058077 0.011084718923198733 0.011615628299894404
2 0.006334125098970704 0.43083421330517424 0.013460015835312747 0.0454065469904963
12 0.897070467141726 0.3632523759239704 0.07442596991290577 0.1921858500527983
10 0.9881235154394299 0.48468848996832103 0.023752969121140142 0.08870116156282999
19 0.09897070467141726 0.3495248152059134 0.19873317498020585 0.6990496304118268
19 0.4671417260490895 0.5089757127771911 0.2375296912114014 0.38753959873284055
11 0.9580364212193191 0.6673706441393875 0.0831353919239905 0.12143611404435058
