18 0.5384006334125099 0.5300950369588173 0.03483768804433888 0.010559662090813094
17 0.4742676167854315 0.5543822597676874 0.027711797307996833 0.009503695881731784
0 0.4908946951702296 0.5659978880675819 0.01583531274742676 0.008447729672650475
2 0.5114806017418844 0.5501583949313622 0.030087094220110848 0.04118268215417107
13 0.9081551860649247 0.5744456177402323 0.022961203483768806 0.01583949313621964
0 0.4552652414885194 0.5765575501583949 0.026920031670625493 0.011615628299894404
18 0.9350752177355502 0.5755015839493136 0.09817893903404593 0.023231256599788808
16 0.6381631037212985 0.6050686378035903 0.00791765637371338 0.004223864836325237
17 0.6389548693586699 0.6092925026399155 0.007125890736342043 0.006335797254487857
2 0.2668250197941409 0.6050686378035903 0.00791765637371338 0.022175290390707498
18 0.9912905779889153 0.7729672650475184 0.0166270783847981 0.009503695881731784
3 0.9429928741092637 0.324181626187962 0.08630245447347586 0.09186906019007392
2 0.5407759303246239 0.5395987328405492 0.02929532858273951 0.011615628299894404
0 0.440221694378464 0.542766631467793 0.006334125098970704 0.009503695881731784
13 0.4766429136975455 0.5512143611404435 0.02454473475851148 0.008447729672650475
0 0.4592240696753761 0.5417106652587117 0.01979414093428345 0.029567053854276663
18 0.4758511480601742 0.5564941921858501 0.011876484560570071 0.009503695881731784
15 0.4806017418844022 0.5628299894403379 0.001583531274742676 0.0010559662090813093
18 0.4924782264449723 0.5638859556494192 0.011084718923198733 0.008447729672650475
2 0.5130641330166271 0.5512143611404435 0.025336500395882817 0.04118268215417107
18 0.4718923198733175 0.5860612460401268 0.013460015835312747 0.004223864836325237
18 0.49643705463182897 0.5923970432946146 0.004750593824228029 0.0021119324181626186
19 0.6278701504354711 0.518479408658923 0.0958036421219319 0.17423442449841606
16 0.6413301662707839 0.6082365364308342 0.011084718923198733 0.005279831045406547
19 0.24465558194774348 0.5311510031678986 0.13460015835312747 0.21647307286166842
2 0.9904988123515439 0.6768743400211193 0.019002375296912115 0.13938753959873285
18 0.9904988123515439 0.7423442449841605 0.019002375296912115 0.01583949313621964
2 0.9287410926365796 0.6789862724392819 0.10847189231987332 0.19640971488912354
0 0.9730799683293745 0.7697993664202746 0.05304829770387965 0.04963041182682154
19 0.5273159144893111 0.6335797254487856 0.4243863816310372 0.6135163674762407
