2 0.6666666666666666 0.457233368532207 0.0023752969121140144 0.007391763463569166
15 0.9691211401425178 0.4582893347412883 0.06175771971496437 0.01583949313621964
13 0.6959619952494062 0.457233368532207 0.01583531274742676 0.024287222808870117
0 0.7244655581947743 0.4699049630411827 0.038796516231195566 0.004223864836325237
15 0.6896278701504355 0.4677930306230201 0.040380047505938245 0.007391763463569166
15 0.9699129057798892 0.4625131995776135 0.060174188440221696 0.023231256599788808
2 0.6215360253365004 0.5026399155227033 0.011084718923198733 0.026399155227032733
0 0.7418844022169437 0.5385427666314678 0.038796516231195566 0.029567053854276663
2 0.779889152810768 0.5406546990496304 0.04117181314330958 0.06019007391763464
19 0.0665083135391924 0.3632523759239704 0.043547110055423596 0.03801478352692714
2 0.8171021377672208 0.4244984160506864 0.026920031670625493 0.04012671594508976
2 0.9730799683293745 0.4424498416050686 0.05304829770387965 0.028511087645195353
2 0.6603325415676959 0.4508975712777191 0.010292953285827395 0.012671594508975714
2 0.6912114014251781 0.4551214361140444 0.022169437846397466 0.022175290390707498
0 0.9841646872525732 0.46673706441393875 0.030878859857482184 0.005279831045406547
0 0.7030878859857482 0.4625131995776135 0.02454473475851148 0.014783526927138331
13 0.7901821060965954 0.470960929250264 0.003167062549485352 0.0021119324181626186
13 0.6817102137767221 0.470960929250264 0.012668250197941409 0.0010559662090813093
17 0.6880443388756928 0.470960929250264 0.026920031670625493 0.0021119324181626186
2 0.6769596199524941 0.45617740232312565 0.01741884402216944 0.03167898627243928
0 0.9770387965162312 0.470960929250264 0.04592240696753761 0.0031678986272439284
19 0.44576405384006335 0.44139387539598735 0.0665083135391924 0.133051742344245
19 0.5985748218527316 0.3991552270327349 0.08155186064924783 0.2375923970432946
19 0.7830562153602534 0.3938753959873284 0.0688836104513064 0.25237592397043296
11 0.26128266033254155 0.5121436114044351 0.01979414093428345 0.027455121436114043
19 0.6413301662707839 0.42027455121436114 0.1330166270783848 0.22914466737064415
2 0.7117973079968329 0.5216473072861668 0.026128266033254157 0.028511087645195353
10 0.07205067300079177 0.4604012671594509 0.14410134600158353 0.16684266103484688
12 0.166270783847981 0.4751847940865892 0.06809184481393507 0.15522703273495247
19 0.24782264449722882 0.42238648363252373 0.1828978622327791 0.2967265047518479
19 0.8376880443388757 0.3579725448785639 0.28820269200316706 0.5005279831045406
2 0.9794140934283452 0.5828933474128828 0.040380047505938245 0.07497360084477296
