18 0.7719714964370546 0.4614572333685322 0.0166270783847981 0.023231256599788808
17 0.40459224069675376 0.5353748680042238 0.011876484560570071 0.030623020063357972
13 0.31908155186064924 0.545934530095037 0.060174188440221696 0.022175290390707498
2 0.6247030878859857 0.5142555438225976 0.08630245447347586 0.09926082365364308
0 0.564528899445764 0.5448785638859557 0.06096595407759303 0.0559662090813094
16 0.995249406175772 0.5755015839493136 0.00870942201108472 0.008447729672650475
0 0.5851148060174188 0.5691657866948258 0.08076009501187649 0.061246040126715945
6 0.9944576405384006 0.27243928194297784 0.000791765637371338 0.0010559662090813093
21 0.8305621536025336 0.2481520591341077 0.013460015835312747 0.05279831045406547
3 0.889944576405384 0.25237592397043296 0.09817893903404593 0.0559662090813094
7 0.8345209817893904 0.27771911298838436 0.0625494853523357 0.011615628299894404
23 0.6286619160728424 0.2682154171066526 0.07363420427553444 0.0559662090813094
3 0.5629453681710214 0.2565997888067582 0.04908946951702296 0.08342133051742344
23 0.6286619160728424 0.40760295670538543 0.0728424386381631 0.10137275607180571
13 0.3974663499604117 0.5269271383315733 0.010292953285827395 0.023231256599788808
19 0.5463182897862233 0.4192185850052798 0.10926365795724466 0.249208025343189
0 0.28661916072842436 0.5227032734952481 0.05779889152810768 0.048574445617740235
0 0.37133808392715756 0.5121436114044351 0.056215360253365 0.07602956705385427
18 0.5597783056215361 0.5385427666314678 0.015043547110055424 0.025343189017951427
18 0.4243863816310372 0.5395987328405492 0.030087094220110848 0.029567053854276663
13 0.31274742676167855 0.5448785638859557 0.05779889152810768 0.021119324181626188
15 0.5376088677751386 0.5554382259767687 0.19714964370546317 0.024287222808870117
2 0.7711797307996833 0.5216473072861668 0.05938242280285035 0.11826821541710665
2 0.7117973079968329 0.5248152059134108 0.06571654790182106 0.12038014783526928
18 0.7980997624703088 0.5850052798310454 0.09026128266033254 0.03695881731784583
18 0.6619160728424386 0.5807814149947201 0.02058590657165479 0.050686378035902854
19 0.06730007917656373 0.5195353748680043 0.13539192399049882 0.9598732840549102
