3 0.9857482185273159 0.32312565997888065 0.027711797307996833 0.07497360084477296
21 0.7347585114806018 0.3706441393875396 0.0791765637371338 0.07074973600844774
23 0.7442596991290578 0.3717001055966209 0.11955661124307206 0.12249208025343189
3 0.5067300079176563 0.3885955649419219 0.08076009501187649 0.0897571277719113
7 0.7347585114806018 0.4392819429778247 0.10451306413301663 0.06546990496304118
6 0.8915281076801267 0.4593453009503696 0.2161520190023753 0.20591341077085534
19 0.010292953285827395 0.5818373812038015 0.02058590657165479 0.044350580781414996
19 0.3919239904988123 0.8732840549102429 0.1377672209026128 0.25343189017951423
12 0.030087094220110848 0.9926082365364308 0.05146476642913698 0.014783526927138331
19 0.018210609659540775 0.8880675818373812 0.03721298495645289 0.22280887011615627
