18 0.5217735550277118 0.4033790918690602 0.023752969121140142 0.004223864836325237
0 0.505938242280285 0.41816261879619854 0.010292953285827395 0.011615628299894404
2 0.5431512272367379 0.4139387539598733 0.02058590657165479 0.023231256599788808
18 0.4663499604117181 0.42238648363252373 0.030878859857482184 0.006335797254487857
13 0.47268408551068886 0.42238648363252373 0.028503562945368172 0.008447729672650475
16 0.5233570863024545 0.43400211193241817 0.02454473475851148 0.012671594508975714
17 0.5170229612034838 0.4392819429778247 0.025336500395882817 0.004223864836325237
18 0.47268408551068886 0.4699049630411827 0.03246239113222486 0.006335797254487857
15 0.4734758511480602 0.48785638859556496 0.0625494853523357 0.021119324181626188
15 0.47268408551068886 0.48996832101372756 0.0625494853523357 0.026399155227032733
2 0.5304829770387965 0.5638859556494192 0.04592240696753761 0.05279831045406547
0 0.48535233570863023 0.5850052798310454 0.01979414093428345 0.027455121436114043
0 0.501187648456057 0.6124604012671595 0.038796516231195566 0.03273495248152059
14 0.06571654790182106 0.7328405491024287 0.0625494853523357 0.03484688489968321
13 0.08630245447347586 0.7676874340021119 0.0728424386381631 0.04963041182682154
15 0.06730007917656373 0.9165786694825766 0.13539192399049882 0.050686378035902854
0 0.5415676959619953 0.40021119324181625 0.006334125098970704 0.005279831045406547
15 0.5344418052256532 0.4244984160506864 0.0023752969121140144 0.0010559662090813093
18 0.5083135391923991 0.4244984160506864 0.013460015835312747 0.0031678986272439284
2 0.517814726840855 0.4149947201689546 0.004750593824228029 0.026399155227032733
2 0.5265241488519399 0.41816261879619854 0.013460015835312747 0.025343189017951427
18 0.5130641330166271 0.4297782470960929 0.014251781472684086 0.004223864836325237
19 0.20665083135391923 0.41816261879619854 0.00395882818685669 0.0337909186906019
17 0.5130641330166271 0.4371700105596621 0.015043547110055424 0.004223864836325237
16 0.5225653206650831 0.43611404435058077 0.023752969121140142 0.008447729672650475
19 0.4307205067300079 0.3938753959873284 0.04513064133016627 0.09292502639915523
19 0.6302454473475851 0.3991552270327349 0.05938242280285035 0.10242872228088701
2 0.48139350752177357 0.4498416050686378 0.019002375296912115 0.03590285110876452
2 0.46476642913697547 0.44667370644139387 0.026128266033254157 0.048574445617740235
18 0.4924782264449723 0.4699049630411827 0.006334125098970704 0.012671594508975714
19 0.4164687252573238 0.40971488912354803 0.13222486144101345 0.13621964097148892
0 0.4718923198733175 0.4751847940865892 0.025336500395882817 0.008447729672650475
0 0.45209817893903403 0.4910242872228089 0.03167062549485352 0.01689545934530095
0 0.45447347585114806 0.49208025343189016 0.03246239113222486 0.01689545934530095
2 0.4220110847189232 0.48680042238648363 0.022961203483768806 0.03167898627243928
19 0.6231195566112431 0.44139387539598735 0.08867775138558986 0.15205913410770855
0 0.43784639746634996 0.5005279831045406 0.01583531274742676 0.03484688489968321
2 0.5344418052256532 0.515311510031679 0.030087094220110848 0.030623020063357972
2 0.4251781472684085 0.5089757127771911 0.007125890736342043 0.050686378035902854
2 0.4053840063341251 0.5121436114044351 0.03642121931908155 0.07708553326293559
13 0.38717339667458434 0.5543822597676874 0.050673000791765635 0.006335797254487857
19 0.611243072050673 0.5079197465681098 0.13380839271575615 0.2365364308342133
19 0.9477434679334917 0.5269271383315733 0.10372129849564529 0.2470960929250264
2 0.41330166270783847 0.6906019007391764 0.055423594615993665 0.06019007391763464
0 0.08867775138558986 0.8025343189017952 0.050673000791765635 0.0897571277719113
2 0.034045922406967535 0.8342133051742344 0.0688836104513064 0.11298838437170011
13 0.019002375296912115 0.9303062302006336 0.03800475059382423 0.013727560718057022
2 0.0 0.9482576557550159 0.000791765637371338 0.006335797254487857
17 0.00791765637371338 0.941921858500528 0.0166270783847981 0.026399155227032733
19 0.222486144101346 0.49947201689545934 0.3507521773555028 1.0
