18 0.4996041171813143 0.600844772967265 0.06175771971496437 0.012671594508975714
13 0.5083135391923991 0.6019007391763463 0.05146476642913698 0.013727560718057022
18 0.47268408551068886 0.6335797254487856 0.0023752969121140144 0.0021119324181626186
13 0.46476642913697547 0.665258711721225 0.00395882818685669 0.0031678986272439284
0 0.4552652414885194 0.662090813093981 0.0166270783847981 0.01583949313621964
18 0.5494853523357086 0.6863780359028511 0.013460015835312747 0.011615628299894404
15 0.5661124307205068 0.6979936642027456 0.04592240696753761 0.01689545934530095
2 0.35471100554235946 0.7011615628299894 0.014251781472684086 0.021119324181626188
15 0.5653206650831354 0.7032734952481521 0.04829770387965162 0.021119324181626188
17 0.4639746634996041 0.7127771911298838 0.00870942201108472 0.01583949313621964
2 0.8226444972288203 0.8130939809926082 0.0625494853523357 0.04012671594508976
14 0.17181314330958036 0.9662090813093981 0.10688836104513064 0.05174234424498416
19 0.5969912905779889 0.5850052798310454 0.04513064133016627 0.03695881731784583
2 0.4972288202692003 0.6293558606124604 0.04908946951702296 0.05807814149947202
0 0.47030878859857483 0.6557550158394931 0.004750593824228029 0.012671594508975714
13 0.46476642913697547 0.6631467793030623 0.003167062549485352 0.0010559662090813093
18 0.4584323040380047 0.6705385427666315 0.013460015835312747 0.004223864836325237
2 0.5368171021377672 0.6473072861668426 0.035629453681710214 0.06969376979936642
18 0.5558194774346793 0.6916578669482577 0.0023752969121140144 0.0010559662090813093
19 0.334916864608076 0.6367476240760296 0.08709422011084719 0.14044350580781415
0 0.5637371338083927 0.7138331573389651 0.04592240696753761 0.014783526927138331
0 0.56215360253365 0.7159450897571278 0.05463182897862233 0.011615628299894404
13 0.46080760095011875 0.7180570221752904 0.02058590657165479 0.01583949313621964
2 0.5019794140934284 0.6927138331573389 0.08234362628661916 0.07391763463569166
0 0.5835312747426762 0.7001055966209081 0.011876484560570071 0.08342133051742344
19 0.07521773555027712 0.5279831045406547 0.15043547110055425 0.4730728616684266
2 0.6057007125890737 0.6948257655755016 0.03483768804433888 0.1562829989440338
19 0.7664291369754552 0.6399155227032735 0.16389548693586697 0.2703273495248152
19 0.36896278701504354 0.6367476240760296 0.24228028503562946 0.29989440337909185
2 0.6904196357878069 0.6747624076029567 0.14251781472684086 0.27666314677930304
13 0.6920031670625495 0.8257655755015839 0.2042755344418052 0.014783526927138331
