18 0.5597783056215361 0.01795142555438226 0.015043547110055424 0.005279831045406547
13 0.6231195566112431 0.025343189017951427 0.012668250197941409 0.004223864836325237
17 0.6223277909738717 0.029567053854276663 0.018210609659540775 0.004223864836325237
0 0.5716547901821061 0.027455121436114043 0.0023752969121140144 0.007391763463569166
13 0.4251781472684085 0.0337909186906019 0.015043547110055424 0.009503695881731784
18 0.42121931908155186 0.03484688489968321 0.011876484560570071 0.008447729672650475
0 0.5914489311163895 0.03484688489968321 0.028503562945368172 0.009503695881731784
2 0.5882818685669042 0.028511087645195353 0.02454473475851148 0.026399155227032733
16 0.5273159144893111 0.04329461457233368 0.006334125098970704 0.004223864836325237
17 0.3341250989707047 0.06335797254487856 0.018210609659540775 0.008447729672650475
18 0.4172604908946952 0.07391763463569166 0.015043547110055424 0.008447729672650475
15 0.3768804433887569 0.08764519535374868 0.02454473475851148 0.023231256599788808
15 0.3752969121140142 0.08870116156282999 0.02929532858273951 0.026399155227032733
18 0.1369754552652415 0.13938753959873285 0.010292953285827395 0.007391763463569166
0 0.1377672209026128 0.14149947201689547 0.05463182897862233 0.026399155227032733
0 0.3309580364212193 0.1583949313621964 0.0023752969121140144 0.0021119324181626186
2 0.3721298495645289 0.146779303062302 0.030087094220110848 0.03167898627243928
13 0.030878859857482184 0.1562829989440338 0.025336500395882817 0.030623020063357972
0 0.3159144893111639 0.1678986272439282 0.019002375296912115 0.01900739176346357
0 0.6270783847980997 0.01795142555438226 0.010292953285827395 0.014783526927138331
13 0.6239113222486145 0.024287222808870117 0.0166270783847981 0.005279831045406547
0 0.620744259699129 0.01795142555438226 0.013460015835312747 0.01795142555438226
13 0.6270783847980997 0.028511087645195353 0.019002375296912115 0.006335797254487857
18 0.615993665874901 0.029567053854276663 0.01583531274742676 0.004223864836325237
19 0.5439429928741093 0.01900739176346357 0.030878859857482184 0.03801478352692714
15 0.5906571654790183 0.03273495248152059 0.025336500395882817 0.011615628299894404
18 0.564528899445764 0.03695881731784583 0.01741884402216944 0.004223864836325237
2 0.569279493269992 0.027455121436114043 0.00395882818685669 0.026399155227032733
2 0.5629453681710214 0.03167898627243928 0.012668250197941409 0.025343189017951427
18 0.55027711797308 0.04118268215417107 0.003167062549485352 0.005279831045406547
16 0.5249406175771971 0.044350580781414996 0.001583531274742676 0.0010559662090813093
13 0.3341250989707047 0.06441393875395987 0.021377672209026127 0.004223864836325237
2 0.42121931908155186 0.05279831045406547 0.018210609659540775 0.04012671594508976
2 0.42280285035629456 0.05807814149947202 0.014251781472684086 0.030623020063357972
18 0.4330958036421219 0.07602956705385427 0.013460015835312747 0.010559662090813094
19 0.6848772763262074 0.04118268215417107 0.05463182897862233 0.08236536430834214
0 0.4180522565320665 0.07708553326293559 0.0332541567695962 0.010559662090813094
0 0.3847980997624703 0.08447729672650475 0.00791765637371338 0.005279831045406547
0 0.38558986539984164 0.08553326293558607 0.009501187648456057 0.006335797254487857
2 0.3333333333333333 0.08025343189017951 0.015043547110055424 0.030623020063357972
19 0.4259699129057799 0.048574445617740235 0.07205067300079177 0.09820485744456177
0 0.3285827395091053 0.0897571277719113 0.012668250197941409 0.022175290390707498
19 0.2367379255740301 0.05385427666314678 0.056215360253365 0.10770855332629356
2 0.2953285827395091 0.09292502639915523 0.018210609659540775 0.0337909186906019
2 0.2723673792557403 0.09292502639915523 0.026128266033254157 0.04751847940865892
13 0.2596991290577989 0.11510031678986272 0.01741884402216944 0.009503695881731784
2 0.44972288202692 0.11932418162618796 0.02058590657165479 0.026399155227032733
19 0.5091053048297703 0.06863780359028511 0.0665083135391924 0.13727560718057022
13 0.14014251781472684 0.14255543822597677 0.0023752969121140144 0.0010559662090813093
0 0.12430720506730007 0.146779303062302 0.04592240696753761 0.013727560718057022
13 0.12034837688044339 0.146779303062302 0.018210609659540775 0.01583949313621964
19 0.013460015835312747 0.09926082365364308 0.027711797307996833 0.1235480464625132
0 0.030878859857482184 0.16156282998944033 0.026128266033254157 0.022175290390707498
2 0.00870942201108472 0.16050686378035903 0.01741884402216944 0.026399155227032733
19 0.3452098178939034 0.10876451953537487 0.07363420427553444 0.15945089757127773
2 0.21377672209026127 0.18373812038014783 0.028503562945368172 0.024287222808870117
19 0.5170229612034838 0.1932418162618796 0.056215360253365 0.19852164730728616
19 0.011876484560570071 0.2703273495248152 0.023752969121140142 0.07286166842661035
12 0.48139350752177357 0.2703273495248152 0.0855106888361045 0.09503695881731784
19 0.03721298495645289 0.27455121436114044 0.07442596991290577 0.21119324181626187
11 0.2501979414093428 0.4677930306230201 0.05779889152810768 0.050686378035902854
19 0.7228820269200317 0.3484688489968321 0.23357086302454474 0.2967265047518479
10 0.36896278701504354 0.5100316789862724 0.43547110055423593 0.4656810982048574
19 0.273950910530483 0.6504751847940866 0.273950910530483 0.5438225976768744
