0 0.8574821852731591 0.4371700105596621 0.004750593824228029 0.0021119324181626186
15 0.8566904196357878 0.4350580781414995 0.030087094220110848 0.006335797254487857
18 0.9113222486144101 0.44350580781414994 0.026920031670625493 0.008447729672650475
15 0.8646080760095012 0.44139387539598735 0.06730007917656373 0.013727560718057022
15 0.8653998416468726 0.4477296726504752 0.06492478226444973 0.013727560718057022
2 0.8266033254156769 0.46462513199577615 0.030878859857482184 0.024287222808870117
16 0.9041963578780681 0.4751847940865892 0.019002375296912115 0.014783526927138331
0 0.8139350752177356 0.49736008447729674 0.010292953285827395 0.009503695881731784
0 0.831353919239905 0.5058078141499472 0.014251781472684086 0.02006335797254488
2 0.784639746634996 0.4963041182682154 0.0498812351543943 0.0454065469904963
2 0.9564528899445764 0.42133051742344246 0.08630245447347586 0.2565997888067582
6 0.09026128266033254 0.22069693769799367 0.08392715756136183 0.0337909186906019
19 0.9707046714172605 0.26293558606124606 0.05859065716547902 0.07391763463569166
19 0.40617577197149646 0.368532206969377 0.018210609659540775 0.029567053854276663
2 0.8717339667458432 0.42133051742344246 0.000791765637371338 0.004223864836325237
2 0.8669833729216152 0.42027455121436114 0.011084718923198733 0.023231256599788808
2 0.8614410134600158 0.42027455121436114 0.003167062549485352 0.022175290390707498
19 0.6500395882818686 0.39704329461457233 0.0498812351543943 0.07391763463569166
0 0.894695170229612 0.42238648363252373 0.00870942201108472 0.024287222808870117
2 0.8915281076801267 0.41816261879619854 0.01583531274742676 0.03590285110876452
2 0.8859857482185273 0.41077085533262936 0.02929532858273951 0.05174234424498416
2 0.9113222486144101 0.40760295670538543 0.027711797307996833 0.07074973600844774
0 0.8939034045922407 0.4477296726504752 0.007125890736342043 0.0021119324181626186
0 0.9216152019002375 0.4498416050686378 0.006334125098970704 0.005279831045406547
18 0.9010292953285828 0.4498416050686378 0.035629453681710214 0.013727560718057022
22 0.1163895486935867 0.39493136219640973 0.10926365795724466 0.13199577613516367
11 0.49406175771971494 0.4625131995776135 0.05304829770387965 0.022175290390707498
16 0.9073634204275535 0.4751847940865892 0.011084718923198733 0.005279831045406547
10 0.41488519398258117 0.42872228088701164 0.11163895486935867 0.09820485744456177
19 0.8012668250197942 0.3706441393875396 0.09026128266033254 0.21752903907074975
19 0.29691211401425177 0.41077085533262936 0.11797307996832937 0.14361140443505807
12 0.43705463182897863 0.4392819429778247 0.0498812351543943 0.09186906019007392
19 0.714172604908947 0.4033790918690602 0.10926365795724466 0.17212249208025343
19 0.4552652414885194 0.40971488912354803 0.08155186064924783 0.17212249208025343
2 0.8329374505146476 0.48468848996832103 0.030878859857482184 0.025343189017951427
19 0.6484560570071259 0.38965153115100315 0.16785431512272367 0.2692713833157339
2 0.8044338875692795 0.5248152059134108 0.057007125890736345 0.05174234424498416
19 0.08788598574821853 0.6874340021119324 0.17656373713380838 0.47729672650475186
