18 0.5407759303246239 0.791974656810982 0.07442596991290577 0.014783526927138331
13 0.55027711797308 0.7930306230200633 0.060174188440221696 0.01795142555438226
18 0.4845605700712589 0.8162618796198522 0.04117181314330958 0.008447729672650475
2 0.5075217735550277 0.8384371700105596 0.007125890736342043 0.03273495248152059
0 0.46239113222486145 0.8553326293558606 0.00791765637371338 0.004223864836325237
16 0.5043547110055424 0.8574445617740233 0.011876484560570071 0.011615628299894404
17 0.4996041171813143 0.8732840549102429 0.02058590657165479 0.010559662090813094
18 0.547901821060966 0.9060190073917634 0.02058590657165479 0.005279831045406547
2 0.3174980205859066 0.8965153115100317 0.021377672209026127 0.027455121436114043
15 0.7363420427553444 0.9398099260823654 0.13460015835312747 0.03167898627243928
15 0.7347585114806018 0.9535374868004224 0.13064133016627077 0.03695881731784583
17 0.552652414885194 0.9598732840549102 0.014251781472684086 0.024287222808870117
19 0.1021377672209026 0.43611404435058077 0.2042755344418052 0.1805702217529039
3 0.9841646872525732 0.6346356916578669 0.030878859857482184 0.08764519535374868
0 0.45447347585114806 0.8416050686378036 0.015043547110055424 0.01795142555438226
13 0.46080760095011875 0.8511087645195353 0.003167062549485352 0.0010559662090813093
0 0.4615993665874901 0.8384371700105596 0.010292953285827395 0.027455121436114043
15 0.4615993665874901 0.853220696937698 0.00870942201108472 0.0021119324181626186
18 0.46239113222486145 0.8574445617740233 0.006334125098970704 0.0021119324181626186
2 0.4742676167854315 0.8405491024287223 0.01583531274742676 0.04329461457233368
18 0.46239113222486145 0.8606124604012672 0.00870942201108472 0.008447729672650475
2 0.4932699920823436 0.8426610348468849 0.022169437846397466 0.046462513199577615
18 0.4742676167854315 0.8637803590285111 0.028503562945368172 0.009503695881731784
16 0.503562945368171 0.8648363252375924 0.014251781472684086 0.010559662090813094
17 0.498812351543943 0.8722280887011615 0.021377672209026127 0.010559662090813094
2 0.5898653998416469 0.8447729672650475 0.04592240696753761 0.07497360084477296
19 0.613618368962787 0.8120380147835269 0.09105304829770387 0.1446673706441394
19 0.3008709422011085 0.82259767687434 0.10134600158353127 0.1700105596620908
2 0.5376088677751386 0.853220696937698 0.057007125890736345 0.12038014783526928
0 0.5407759303246239 0.9165786694825766 0.027711797307996833 0.009503695881731784
0 0.714172604908947 0.9619852164730729 0.012668250197941409 0.014783526927138331
0 0.6888361045130641 0.9577613516367476 0.04117181314330958 0.024287222808870117
13 0.55027711797308 0.9693769799366421 0.026920031670625493 0.026399155227032733
2 0.6128266033254157 0.9366420274551215 0.11559778305621536 0.11298838437170011
2 0.9770387965162312 0.883843717001056 0.04592240696753761 0.23231256599788808
2 0.9041963578780681 0.928194297782471 0.14489311163895488 0.14255543822597677
19 0.8305621536025336 0.8384371700105596 0.1876484560570071 0.32312565997888065
0 0.7672209026128266 0.9440337909186906 0.05938242280285035 0.1119324181626188
19 0.36975455265241486 0.8257655755015839 0.28028503562945367 0.3484688489968321
