18 0.9493269992082344 0.3717001055966209 0.0791765637371338 0.011615628299894404
13 0.9406175771971497 0.3738120380147835 0.06492478226444973 0.01689545934530095
13 0.7569279493269992 0.4498416050686378 0.012668250197941409 0.01900739176346357
15 0.7466349960411718 0.4604012671594509 0.055423594615993665 0.007391763463569166
18 0.8978622327790974 0.4625131995776135 0.047505938242280284 0.011615628299894404
17 0.9113222486144101 0.46884899683210135 0.0023752969121140144 0.0031678986272439284
15 0.8266033254156769 0.4625131995776135 0.09897070467141726 0.01689545934530095
15 0.8266033254156769 0.46884899683210135 0.09501187648456057 0.01900739176346357
2 0.7022961203483769 0.49208025343189016 0.026920031670625493 0.025343189017951427
14 0.8780680918448139 0.5110876451953538 0.00791765637371338 0.006335797254487857
18 0.8266033254156769 0.5174234424498416 0.026920031670625493 0.006335797254487857
0 0.7965162311955661 0.49208025343189016 0.1060965954077593 0.06019007391763464
0 0.7537608867775138 0.5300950369588173 0.021377672209026127 0.02006335797254488
14 0.9699129057798892 0.5417106652587117 0.000791765637371338 0.005279831045406547
2 0.718923198733175 0.5227032734952481 0.04513064133016627 0.04751847940865892
19 0.9928741092636579 0.3357972544878564 0.013460015835312747 0.026399155227032733
19 0.2596991290577989 0.38753959873284055 0.026128266033254157 0.03167898627243928
0 0.8258115597783057 0.44561774023231254 0.015043547110055424 0.024287222808870117
2 0.7442596991290578 0.44667370644139387 0.01741884402216944 0.022175290390707498
2 0.7315914489311164 0.4477296726504752 0.007125890736342043 0.022175290390707498
2 0.8131433095803642 0.4424498416050686 0.026128266033254157 0.03590285110876452
2 0.7537608867775138 0.4498416050686378 0.018210609659540775 0.021119324181626188
2 0.7996832937450514 0.4350580781414995 0.034045922406967535 0.05174234424498416
0 0.7616785431512272 0.4551214361140444 0.01979414093428345 0.013727560718057022
2 0.8978622327790974 0.426610348468849 0.04433887569279493 0.07286166842661035
2 0.8661916072842438 0.4498416050686378 0.022169437846397466 0.029567053854276663
13 0.7410926365795725 0.4635691657866948 0.00395882818685669 0.0010559662090813093
13 0.9121140142517815 0.4699049630411827 0.000791765637371338 0.0010559662090813093
0 0.8590657165479019 0.4677930306230201 0.028503562945368172 0.008447729672650475
0 0.8558986539984165 0.4677930306230201 0.04275534441805225 0.007391763463569166
2 0.9517022961203484 0.42344244984160506 0.0625494853523357 0.10242872228088701
0 0.9160728424386382 0.470960929250264 0.09184481393507522 0.008447729672650475
18 0.8844022169437846 0.46884899683210135 0.05146476642913698 0.013727560718057022
19 0.5376088677751386 0.4382259767687434 0.05859065716547902 0.10876451953537487
19 0.6801266825019794 0.40021119324181625 0.07125890736342043 0.20802534318901794
11 0.3737133808392716 0.4931362196409715 0.04592240696753761 0.024287222808870117
19 0.8432304038004751 0.3885955649419219 0.07759303246239113 0.24287222808870115
10 0.25653206650831356 0.4551214361140444 0.09026128266033254 0.11298838437170011
13 0.8424386381631037 0.5142555438225976 0.02058590657165479 0.004223864836325237
19 0.6357878068091845 0.426610348468849 0.10055423594615993 0.17845828933474128
2 0.7339667458432304 0.5068637803590285 0.022961203483768806 0.022175290390707498
12 0.31274742676167855 0.4677930306230201 0.056215360253365 0.10559662090813093
19 0.13064133016627077 0.4350580781414995 0.1543942992874109 0.17106652587117213
0 0.8329374505146476 0.5174234424498416 0.026128266033254157 0.010559662090813094
19 0.3452098178939034 0.43189017951425557 0.10530482977038796 0.19957761351636746
19 0.6254948535233571 0.4044350580781415 0.18131433095803642 0.30623020063357975
2 0.7854315122723674 0.5512143611404435 0.05779889152810768 0.05385427666314678
19 0.4093428345209818 0.587117212249208 0.43942992874109266 0.4350580781414995
