15 0.18210609659540775 0.0010559662090813093 0.007125890736342043 0.0031678986272439284
15 0.18131433095803642 0.0031678986272439284 0.011084718923198733 0.006335797254487857
2 0.1749802058590657 0.0559662090813094 0.03167062549485352 0.03590285110876452
0 0.11401425178147269 0.08764519535374868 0.021377672209026127 0.021119324181626188
0 0.11718131433095803 0.006335797254487857 0.011876484560570071 0.012671594508975714
19 0.02454473475851148 0.011615628299894404 0.04275534441805225 0.023231256599788808
2 0.08234362628661916 0.011615628299894404 0.023752969121140142 0.024287222808870117
19 0.3056215360253365 0.014783526927138331 0.030878859857482184 0.030623020063357972
2 0.2557403008709422 0.01689545934530095 0.022169437846397466 0.028511087645195353
2 0.056215360253365 0.01795142555438226 0.0332541567695962 0.03590285110876452
13 0.043547110055423596 0.03484688489968321 0.01979414093428345 0.009503695881731784
19 0.14489311163895488 0.054910242872228086 0.05463182897862233 0.11087645195353749
2 0.009501187648456057 0.11721224920802534 0.019002375296912115 0.026399155227032733
19 0.3119556611243072 0.10982048574445617 0.0768012668250198 0.20696937697993664
12 0.2842438638163104 0.1900739176346357 0.08788598574821853 0.09398099260823653
19 0.47110055423594616 0.25131995776135163 0.20190023752969122 0.25448785638859556
11 0.0665083135391924 0.4118268215417107 0.04433887569279493 0.04329461457233368
10 0.19239904988123516 0.440337909186906 0.3847980997624703 0.470960929250264
19 0.11718131433095803 0.5491024287222809 0.23515439429928742 0.43083421330517424
