18 0.3309580364212193 0.03273495248152059 0.001583531274742676 0.0010559662090813093
13 0.38638163103721296 0.03695881731784583 0.01583531274742676 0.0021119324181626186
17 0.391132224861441 0.04012671594508976 0.019002375296912115 0.004223864836325237
0 0.38004750593824227 0.044350580781414996 0.0023752969121140144 0.0021119324181626186
0 0.33729216152019004 0.048574445617740235 0.00395882818685669 0.005279831045406547
2 0.332541567695962 0.048574445617740235 0.011876484560570071 0.010559662090813094
2 0.3665874901029295 0.042238648363252376 0.026128266033254157 0.025343189017951427
13 0.22802850356294538 0.06335797254487856 0.022169437846397466 0.008447729672650475
18 0.222486144101346 0.06441393875395987 0.02058590657165479 0.006335797254487857
16 0.3254156769596199 0.0665258711721225 0.021377672209026127 0.012671594508975714
17 0.3182897862232779 0.07074973600844774 0.01979414093428345 0.005279831045406547
18 0.23436262866191607 0.10770855332629356 0.00870942201108472 0.005279831045406547
17 0.16706254948535235 0.1246040126715945 0.011876484560570071 0.004223864836325237
15 0.19714964370546317 0.12671594508975711 0.043547110055423596 0.021119324181626188
15 0.19635787806809185 0.12882787750791974 0.04592240696753761 0.025343189017951427
2 0.220110847189232 0.1932418162618796 0.0395882818685669 0.03273495248152059
0 0.1789390340459224 0.20591341077085534 0.021377672209026127 0.02006335797254488
0 0.16785431512272367 0.22808870116156282 0.025336500395882817 0.023231256599788808
0 0.388756927949327 0.03167898627243928 0.00791765637371338 0.007391763463569166
13 0.38796516231195566 0.03590285110876452 0.01741884402216944 0.0031678986272439284
0 0.38638163103721296 0.029567053854276663 0.012668250197941409 0.01795142555438226
13 0.3950910530482977 0.03801478352692714 0.019002375296912115 0.005279831045406547
18 0.38558986539984164 0.04012671594508976 0.013460015835312747 0.005279831045406547
18 0.33570863024544734 0.05385427666314678 0.007125890736342043 0.0021119324181626186
2 0.3388756927949327 0.04751847940865892 0.0023752969121140144 0.01689545934530095
2 0.342042755344418 0.050686378035902854 0.007125890736342043 0.021119324181626188
18 0.3341250989707047 0.059134107708553325 0.0055423594615993665 0.005279831045406547
19 0.2905779889152811 0.030623020063357972 0.04908946951702296 0.06230200633579725
17 0.32145684877276326 0.06969376979936642 0.018210609659540775 0.005279831045406547
16 0.3246239113222486 0.06863780359028511 0.019002375296912115 0.009503695881731784
19 0.46476642913697547 0.04118268215417107 0.04117181314330958 0.08342133051742344
2 0.222486144101346 0.07391763463569166 0.021377672209026127 0.023231256599788808
19 0.20190023752969122 0.050686378035902854 0.10688836104513064 0.10242872228088701
2 0.23198733174980204 0.08870116156282999 0.018210609659540775 0.03273495248152059
0 0.24069675376088678 0.10770855332629356 0.011084718923198733 0.008447729672650475
18 0.24782264449722882 0.10665258711721225 0.00791765637371338 0.012671594508975714
13 0.16785431512272367 0.12671594508975711 0.014251781472684086 0.006335797254487857
0 0.1876484560570071 0.12882787750791974 0.038796516231195566 0.01583949313621964
0 0.18606492478226444 0.12882787750791974 0.03800475059382423 0.01689545934530095
2 0.15043547110055425 0.12565997888067582 0.021377672209026127 0.028511087645195353
0 0.1456848772763262 0.13833157338965152 0.014251781472684086 0.028511087645195353
19 0.3404592240696754 0.08553326293558607 0.0831353919239905 0.1446673706441394
2 0.278701504354711 0.14994720168954592 0.026128266033254157 0.027455121436114043
2 0.11084718923198733 0.146779303062302 0.027711797307996833 0.04012671594508976
2 0.08709422011084719 0.15100316789862725 0.04117181314330958 0.057022175290390706
13 0.07363420427553444 0.1816261879619852 0.030878859857482184 0.006335797254487857
19 0.01979414093428345 0.1119324181626188 0.0395882818685669 0.14783526927138332
19 0.20981789390340458 0.15100316789862725 0.11084718923198733 0.1816261879619852
2 0.055423594615993665 0.2713833157338965 0.030087094220110848 0.03273495248152059
19 0.4750593824228028 0.18585005279831046 0.11322248614410134 0.22280887011615627
12 0.5217735550277118 0.28616684266103487 0.06492478226444973 0.1700105596620908
19 0.7830562153602534 0.25976768743400214 0.11955661124307206 0.26715945089757126
19 0.0332541567695962 0.4065469904963041 0.06730007917656373 0.3020063357972545
11 0.45447347585114806 0.5395987328405492 0.14647664291369755 0.09820485744456177
10 0.6603325415676959 0.498416050686378 0.23198733174980204 0.5406546990496304
19 0.8685669041963578 0.5659978880675819 0.2620744259699129 0.5512143611404435
