18 0.5700712589073634 0.04118268215417107 0.015043547110055424 0.005279831045406547
13 0.6326207442596992 0.04963041182682154 0.014251781472684086 0.004223864836325237
17 0.6318289786223278 0.05279831045406547 0.018210609659540775 0.004223864836325237
0 0.5819477434679335 0.05174234424498416 0.001583531274742676 0.008447729672650475
18 0.4323040380047506 0.0559662090813094 0.013460015835312747 0.008447729672650475
13 0.43705463182897863 0.0559662090813094 0.01583531274742676 0.009503695881731784
0 0.6009501187648456 0.059134107708553325 0.02929532858273951 0.008447729672650475
2 0.5985748218527316 0.05174234424498416 0.02454473475851148 0.026399155227032733
16 0.5376088677751386 0.06441393875395987 0.000791765637371338 0.0010559662090813093
17 0.3452098178939034 0.08447729672650475 0.018210609659540775 0.009503695881731784
18 0.4283452098178939 0.09503695881731784 0.015043547110055424 0.007391763463569166
15 0.38796516231195566 0.10876451953537487 0.026128266033254157 0.023231256599788808
15 0.38717339667458434 0.10982048574445617 0.02929532858273951 0.026399155227032733
18 0.1456848772763262 0.15945089757127773 0.011084718923198733 0.007391763463569166
0 0.14647664291369755 0.16156282998944033 0.055423594615993665 0.026399155227032733
0 0.3428345209817894 0.17740232312565998 0.006334125098970704 0.007391763463569166
2 0.384006334125099 0.1678986272439282 0.030087094220110848 0.03167898627243928
13 0.03642121931908155 0.17317845828933473 0.026128266033254157 0.025343189017951427
15 0.000791765637371338 0.19429778247096094 0.0023752969121140144 0.0031678986272439284
0 0.3269992082343626 0.18796198521647306 0.018210609659540775 0.02006335797254488
0 0.6373713380839272 0.042238648363252376 0.00870942201108472 0.013727560718057022
13 0.6334125098970704 0.048574445617740235 0.0166270783847981 0.005279831045406547
0 0.6294536817102138 0.042238648363252376 0.013460015835312747 0.01795142555438226
13 0.6357878068091845 0.05279831045406547 0.01979414093428345 0.006335797254487857
18 0.6231195566112431 0.05279831045406547 0.02058590657165479 0.005279831045406547
19 0.5486935866983373 0.030623020063357972 0.03642121931908155 0.061246040126715945
15 0.6001583531274742 0.057022175290390706 0.02454473475851148 0.010559662090813094
18 0.5748218527315915 0.06019007391763464 0.01741884402216944 0.004223864836325237
2 0.5803642121931908 0.05174234424498416 0.003167062549485352 0.025343189017951427
2 0.5732383214568487 0.054910242872228086 0.012668250197941409 0.025343189017951427
18 0.5605700712589073 0.06441393875395987 0.003167062549485352 0.005279831045406547
13 0.3475851148060174 0.08553326293558607 0.023752969121140142 0.005279831045406547
2 0.4346793349168646 0.0791974656810982 0.014251781472684086 0.030623020063357972
2 0.4323040380047506 0.07497360084477296 0.018210609659540775 0.04118268215417107
18 0.444972288202692 0.09714889123548047 0.014251781472684086 0.011615628299894404
0 0.42913697545526525 0.09820485744456177 0.0332541567695962 0.010559662090813094
19 0.6951702296120348 0.05174234424498416 0.05779889152810768 0.10454065469904963
0 0.39825811559778307 0.10559662090813093 0.00395882818685669 0.004223864836325237
0 0.3998416468725257 0.10770855332629356 0.004750593824228029 0.004223864836325237
2 0.3452098178939034 0.10242872228088701 0.0166270783847981 0.03167898627243928
19 0.43705463182897863 0.06019007391763464 0.07838479809976247 0.12143611404435058
0 0.33966745843230406 0.11087645195353749 0.012668250197941409 0.022175290390707498
19 0.24623911322248615 0.07074973600844774 0.057007125890736345 0.11615628299894404
2 0.30641330166270786 0.11298838437170011 0.018210609659540775 0.03484688489968321
2 0.283452098178939 0.11298838437170011 0.026128266033254157 0.04751847940865892
13 0.26999208234362626 0.13621964097148892 0.01741884402216944 0.009503695881731784
2 0.4615993665874901 0.14044350580781415 0.02058590657165479 0.026399155227032733
19 0.5233570863024545 0.08870116156282999 0.06809184481393507 0.13833157338965152
13 0.14885193982581155 0.16367476240760295 0.0023752969121140144 0.0021119324181626186
0 0.13222486144101345 0.16684266103484688 0.04671417260490895 0.013727560718057022
13 0.1290577988915281 0.16684266103484688 0.018210609659540775 0.01583949313621964
0 0.03721298495645289 0.17845828933474128 0.026920031670625493 0.01689545934530095
2 0.011084718923198733 0.1795142555438226 0.022169437846397466 0.026399155227032733
19 0.3602533650039588 0.12882787750791974 0.07600950118764846 0.16050686378035903
2 0.22327790973871733 0.20485744456177402 0.028503562945368172 0.023231256599788808
19 0.01583531274742676 0.12671594508975711 0.03246239113222486 0.191129883843717
19 0.5399841646872525 0.20274551214361142 0.06096595407759303 0.18796198521647306
19 0.014251781472684086 0.29039070749736007 0.02929532858273951 0.07497360084477296
12 0.5075217735550277 0.2893347412882788 0.08709422011084719 0.10242872228088701
19 0.04117181314330958 0.2925026399155227 0.08234362628661916 0.22069693769799367
19 0.7711797307996833 0.36536430834213307 0.24228028503562946 0.3136219640971489
11 0.27157561361836896 0.4963041182682154 0.06413301662707839 0.059134107708553325
10 0.4006334125098971 0.5586061246040127 0.45447347585114806 0.53220696937698
19 0.31512272367379257 0.6969376979936642 0.28028503562945367 0.6061246040126715
