18 0.48535233570863023 0.8025343189017952 0.043547110055423596 0.008447729672650475
18 0.6033254156769596 0.8014783526927138 0.0831353919239905 0.01689545934530095
13 0.6120348376880443 0.8025343189017952 0.06571654790182106 0.01900739176346357
2 0.5122723673792557 0.8268215417106652 0.013460015835312747 0.04118268215417107
16 0.5328582739509106 0.856388595564942 0.04829770387965162 0.021119324181626188
17 0.5257323832145685 0.870116156282999 0.05146476642913698 0.010559662090813094
2 0.2921615201900237 0.880675818373812 0.019002375296912115 0.030623020063357972
18 0.6539984164687253 0.9324181626187962 0.08630245447347586 0.02006335797254488
15 0.7125890736342043 0.9767687434002112 0.026920031670625493 0.013727560718057022
15 0.8345209817893904 0.9841605068637803 0.2684085510688836 0.03167898627243928
17 0.7173396674584323 0.996832101372756 0.004750593824228029 0.006335797254487857
19 0.1876484560570071 0.27455121436114044 0.3752969121140142 0.4582893347412883
3 0.9691211401425178 0.6124604012671595 0.06175771971496437 0.08764519535374868
19 0.6088677751385589 0.7634635691657867 0.0934283452098179 0.09186906019007392
0 0.4576405384006334 0.8162618796198522 0.012668250197941409 0.022175290390707498
2 0.4734758511480602 0.8268215417106652 0.019002375296912115 0.042238648363252376
2 0.49406175771971494 0.8310454065469906 0.02454473475851148 0.050686378035902854
18 0.4901029295328583 0.853220696937698 0.0023752969121140144 0.007391763463569166
16 0.5320665083135392 0.8616684266103485 0.050673000791765635 0.01689545934530095
17 0.5154394299287411 0.8680042238648363 0.03483768804433888 0.011615628299894404
19 0.2755344418052256 0.8130939809926082 0.110055423594616 0.17106652587117213
2 0.6642913697545526 0.8743400211193242 0.05779889152810768 0.10559662090813093
2 0.6033254156769596 0.8743400211193242 0.06809184481393507 0.14149947201689547
18 0.6785431512272367 0.9366420274551215 0.07205067300079177 0.028511087645195353
0 0.6571654790182107 0.9482576557550159 0.1187648456057007 0.04329461457233368
19 0.8978622327790974 0.8310454065469906 0.19794140934283452 0.32312565997888065
2 0.7973079968329374 0.9757127771911299 0.14885193982581155 0.048574445617740235
0 0.7149643705463183 0.9926082365364308 0.0166270783847981 0.013727560718057022
19 0.38558986539984164 0.8173178458289335 0.3167062549485352 0.36536430834213307
