17 0.22644497228820268 0.0031678986272439284 0.011876484560570071 0.007391763463569166
18 0.31512272367379257 0.010559662090813094 0.015043547110055424 0.008447729672650475
15 0.27315914489311166 0.027455121436114043 0.026128266033254157 0.025343189017951427
15 0.2723673792557403 0.028511087645195353 0.030087094220110848 0.028511087645195353
18 0.023752969121140142 0.09609292502639916 0.010292953285827395 0.007391763463569166
2 0.27157561361836896 0.0908130939809926 0.030087094220110848 0.0337909186906019
0 0.026920031670625493 0.09820485744456177 0.05463182897862233 0.029567053854276663
0 0.21377672209026127 0.11510031678986272 0.01979414093428345 0.02006335797254488
13 0.22327790973871733 0.006335797254487857 0.00870942201108472 0.0021119324181626186
19 0.569279493269992 0.004223864836325237 0.021377672209026127 0.008447729672650475
2 0.31987331749802056 0.004223864836325237 0.019002375296912115 0.008447729672650475
2 0.31987331749802056 0.005279831045406547 0.013460015835312747 0.010559662090813094
18 0.33174980205859067 0.012671594508975714 0.014251781472684086 0.012671594508975714
0 0.3159144893111639 0.013727560718057022 0.034045922406967535 0.012671594508975714
0 0.26999208234362626 0.026399155227032733 0.03642121931908155 0.009503695881731784
0 0.2684085510688836 0.026399155227032733 0.03642121931908155 0.010559662090813094
19 0.3452098178939034 0.025343189017951427 0.022961203483768806 0.01689545934530095
2 0.22802850356294538 0.021119324181626188 0.012668250197941409 0.030623020063357972
0 0.22169437846397466 0.03273495248152059 0.011084718923198733 0.024287222808870117
19 0.4085510688836104 0.024287222808870117 0.047505938242280284 0.048574445617740235
19 0.13143309580364212 0.026399155227032733 0.052256532066508314 0.05385427666314678
2 0.18844022169437846 0.03801478352692714 0.021377672209026127 0.03590285110876452
2 0.16389548693586697 0.03907074973600845 0.030878859857482184 0.04963041182682154
13 0.15281076801266824 0.06335797254487856 0.01741884402216944 0.009503695881731784
2 0.3507521773555028 0.057022175290390706 0.02058590657165479 0.027455121436114043
13 0.028503562945368172 0.1003167898627244 0.00395882818685669 0.012671594508975714
0 0.01741884402216944 0.10454065469904963 0.03483768804433888 0.014783526927138331
13 0.00870942201108472 0.10559662090813093 0.01741884402216944 0.01583949313621964
19 0.24703087885985747 0.06863780359028511 0.053840063341250986 0.13833157338965152
2 0.10847189231987332 0.13833157338965152 0.030087094220110848 0.025343189017951427
19 0.40617577197149646 0.1457233368532207 0.06096595407759303 0.20485744456177402
12 0.37292161520190026 0.21964097148891235 0.0855106888361045 0.0908130939809926
19 0.5740300870942201 0.2893347412882788 0.2121931908155186 0.26610348468849
11 0.15122723673792557 0.42238648363252373 0.047505938242280284 0.04329461457233368
10 0.2620744259699129 0.4656810982048574 0.4085510688836104 0.4677930306230201
19 0.17181314330958036 0.5723336853220697 0.2620744259699129 0.4551214361140444
