18 0.6429136975455265 0.5110876451953538 0.052256532066508314 0.014783526927138331
13 0.47901821060965954 0.542766631467793 0.04275534441805225 0.006335797254487857
17 0.5225653206650831 0.5417106652587117 0.026920031670625493 0.013727560718057022
2 0.604117181314331 0.5364308342133052 0.06096595407759303 0.0559662090813094
0 0.5589865399841647 0.5564941921858501 0.04513064133016627 0.023231256599788808
0 0.5352335708630246 0.5607180570221753 0.04433887569279493 0.03273495248152059
16 0.7854315122723674 0.5955649419218585 0.053840063341250986 0.023231256599788808
2 0.2414885193982581 0.614572333685322 0.004750593824228029 0.025343189017951427
17 0.7917656373713381 0.6187961985216474 0.0625494853523357 0.023231256599788808
3 0.9334916864608076 0.27983104540654696 0.07996832937450514 0.0675818373812038
0 0.4671417260490895 0.5269271383315733 0.026920031670625493 0.026399155227032733
13 0.5233570863024545 0.5364308342133052 0.021377672209026127 0.010559662090813094
13 0.4766429136975455 0.5417106652587117 0.04117181314330958 0.006335797254487857
18 0.5273159144893111 0.5417106652587117 0.010292953285827395 0.010559662090813094
0 0.501187648456057 0.5258711721224921 0.028503562945368172 0.04329461457233368
18 0.5661124307205068 0.5533262935586061 0.02058590657165479 0.01583949313621964
15 0.5510688836104513 0.5586061246040127 0.07600950118764846 0.021119324181626188
2 0.6508313539192399 0.5491024287222809 0.03721298495645289 0.0675818373812038
2 0.613618368962787 0.5469904963041182 0.035629453681710214 0.07180570221752904
18 0.5756136183689627 0.573389651531151 0.040380047505938245 0.022175290390707498
19 0.6809184481393508 0.48785638859556496 0.08471892319873317 0.19957761351636746
18 0.6334125098970704 0.5860612460401268 0.07046714172604909 0.013727560718057022
16 0.7885985748218527 0.6029567053854277 0.07046714172604909 0.01795142555438226
17 0.7735550277117973 0.6166842661034847 0.057007125890736345 0.01795142555438226
19 0.25257323832145684 0.5163674762407603 0.17339667458432304 0.2819429778247096
19 0.8614410134600158 0.6314677930306231 0.2771179730799683 0.737064413938754
