3 0.950910530482977 0.22175290390707497 0.09817893903404593 0.09609292502639916
21 0.6753760886777513 0.26715945089757126 0.0768012668250198 0.06969376979936642
23 0.6951702296120348 0.26715945089757126 0.1163895486935867 0.12249208025343189
3 0.4592240696753761 0.28616684266103487 0.08076009501187649 0.0908130939809926
7 0.6753760886777513 0.3347412882787751 0.09817893903404593 0.06335797254487856
6 0.8535233570863024 0.3495248152059134 0.2929532858273951 0.19429778247096094
19 0.000791765637371338 0.8130939809926082 0.001583531274742676 0.014783526927138331
19 0.33016627078384797 0.7898627243928195 0.14093428345209819 0.33157338965153116
10 0.1749802058590657 0.928194297782471 0.25257323832145684 0.14255543822597677
12 0.028503562945368172 0.9186906019007391 0.057007125890736345 0.16156282998944033
