0 0.5605700712589073 0.0031678986272439284 0.001583531274742676 0.0010559662090813093
18 0.3824228028503563 0.0031678986272439284 0.00870942201108472 0.006335797254487857
2 0.5510688836104513 0.0031678986272439284 0.02058590657165479 0.007391763463569166
13 0.38954869358669836 0.005279831045406547 0.0055423594615993665 0.004223864836325237
16 0.4932699920823436 0.012671594508975714 0.0166270783847981 0.013727560718057022
17 0.2929532858273951 0.0337909186906019 0.0166270783847981 0.008447729672650475
18 0.37767220902612825 0.042238648363252376 0.015043547110055424 0.008447729672650475
15 0.33570863024544734 0.057022175290390706 0.026920031670625493 0.023231256599788808
15 0.33570863024544734 0.05807814149947202 0.028503562945368172 0.028511087645195353
18 0.09422011084718923 0.11510031678986272 0.010292953285827395 0.006335797254487857
0 0.0958036421219319 0.11721224920802534 0.055423594615993665 0.026399155227032733
2 0.332541567695962 0.11826821541710665 0.02929532858273951 0.03167898627243928
0 0.276326207442597 0.14044350580781415 0.019002375296912115 0.01900739176346357
19 0.5083135391923991 0.0 0.006334125098970704 0.0010559662090813093
15 0.5407759303246239 0.0021119324181626186 0.0023752969121140144 0.0010559662090813093
18 0.5336500395882818 0.0010559662090813093 0.0023752969121140144 0.0031678986272439284
2 0.5312747426761678 0.0031678986272439284 0.003167062549485352 0.006335797254487857
2 0.5241488519398259 0.004223864836325237 0.011084718923198733 0.009503695881731784
18 0.5122723673792557 0.006335797254487857 0.003167062549485352 0.005279831045406547
16 0.48693586698337293 0.011615628299894404 0.00395882818685669 0.0031678986272439284
17 0.48535233570863023 0.012671594508975714 0.001583531274742676 0.0010559662090813093
13 0.2921615201900237 0.03484688489968321 0.01741884402216944 0.0031678986272439284
2 0.38163103721298497 0.02006335797254488 0.019002375296912115 0.04118268215417107
2 0.3824228028503563 0.026399155227032733 0.013460015835312747 0.030623020063357972
19 0.6381631037212985 0.023231256599788808 0.03800475059382423 0.04751847940865892
18 0.39429928741092635 0.044350580781414996 0.013460015835312747 0.010559662090813094
0 0.3784639746634996 0.0454065469904963 0.0332541567695962 0.010559662090813094
0 0.3428345209817894 0.054910242872228086 0.011876484560570071 0.006335797254487857
0 0.3333333333333333 0.054910242872228086 0.03483768804433888 0.007391763463569166
19 0.40617577197149646 0.03273495248152059 0.03167062549485352 0.06546990496304118
2 0.2929532858273951 0.050686378035902854 0.015043547110055424 0.030623020063357972
0 0.28661916072842436 0.061246040126715945 0.010292953285827395 0.023231256599788808
19 0.1955661124307205 0.03907074973600845 0.056215360253365 0.0791974656810982
2 0.25415676959619954 0.06441393875395987 0.01979414093428345 0.0337909186906019
2 0.23040380047505937 0.06546990496304118 0.027711797307996833 0.048574445617740235
13 0.21852731591448932 0.08764519535374868 0.01741884402216944 0.009503695881731784
2 0.41092636579572445 0.08870116156282999 0.02058590657165479 0.027455121436114043
19 0.47268408551068886 0.05279831045406547 0.05463182897862233 0.10665258711721225
13 0.09817893903404593 0.11615628299894404 0.003167062549485352 0.005279831045406547
0 0.08155186064924783 0.1235480464625132 0.04592240696753761 0.014783526927138331
13 0.07759303246239113 0.1235480464625132 0.018210609659540775 0.01689545934530095
19 0.3016627078384798 0.08130939809926083 0.07521773555027712 0.15945089757127773
2 0.17339667458432304 0.1583949313621964 0.028503562945368172 0.024287222808870117
19 0.47030878859857483 0.17106652587117213 0.05463182897862233 0.20591341077085534
12 0.43547110055423593 0.24392819429778248 0.08630245447347586 0.0908130939809926
19 0.018210609659540775 0.26187961985216474 0.03642121931908155 0.19957761351636746
19 0.6547901821060966 0.3199577613516367 0.22169437846397466 0.2808870116156283
11 0.20902612826603326 0.440337909186906 0.05146476642913698 0.0454065469904963
10 0.32066508313539194 0.4963041182682154 0.41884402216943784 0.4836325237592397
19 0.22644497228820268 0.604012671594509 0.2660332541567696 0.48996832101372756
