3 0.9548693586698337 0.3093980992608237 0.09026128266033254 0.09398099260823653
21 0.6927949326999209 0.3474128827877508 0.0728424386381631 0.06441393875395987
23 0.714172604908947 0.34424498416050686 0.11163895486935867 0.11615628299894404
3 0.4885193982581156 0.3611404435058078 0.07600950118764846 0.08553326293558607
7 0.6920031670625495 0.40971488912354803 0.09263657957244656 0.06019007391763464
6 0.8590657165479019 0.43083421330517424 0.28186856690419637 0.17740232312565998
19 0.0166270783847981 0.5617740232312566 0.034045922406967535 0.09926082365364308
19 0.03800475059382423 0.8363252375923971 0.07600950118764846 0.28511087645195354
19 0.37133808392715756 0.8299894403379092 0.12034837688044339 0.307286166842661
10 0.23515439429928742 0.9376979936642027 0.21456848772763262 0.1235480464625132
12 0.06334125098970704 0.928194297782471 0.11797307996832937 0.14361140443505807
