18 0.9722882026920031 0.4371700105596621 0.055423594615993665 0.023231256599788808
17 0.8772763262074426 0.44667370644139387 0.009501187648456057 0.005279831045406547
15 0.7996832937450514 0.44667370644139387 0.19477434679334918 0.027455121436114043
15 0.8020585906571654 0.4530095036958817 0.19319081551860648 0.03907074973600845
14 0.7157561361836896 0.5174234424498416 0.03246239113222486 0.021119324181626188
18 0.6745843230403801 0.529039070749736 0.01583531274742676 0.007391763463569166
0 0.5676959619952494 0.5300950369588173 0.004750593824228029 0.008447729672650475
0 0.6658749010292954 0.5311510031678986 0.05304829770387965 0.010559662090813094
14 0.9287410926365796 0.5617740232312566 0.07363420427553444 0.012671594508975714
0 0.6318289786223278 0.5586061246040127 0.03800475059382423 0.03167898627243928
2 0.5906571654790183 0.5501583949313622 0.05938242280285035 0.0781414994720169
2 0.9746634996041171 0.36430834213305174 0.0498812351543943 0.13833157338965152
0 0.7363420427553444 0.426610348468849 0.023752969121140142 0.03590285110876452
13 0.8638163103721298 0.44561774023231254 0.011084718923198733 0.007391763463569166
2 0.8266033254156769 0.4276663146779303 0.07521773555027712 0.044350580781414996
18 0.9619952494061758 0.44878563885955647 0.07521773555027712 0.01689545934530095
0 0.9414093428345209 0.45195353748680045 0.06809184481393507 0.010559662090813094
0 0.8551068883610451 0.45195353748680045 0.09817893903404593 0.011615628299894404
0 0.8448139350752177 0.45406546990496305 0.11243072050673 0.011615628299894404
2 0.6967537608867775 0.4297782470960929 0.03483768804433888 0.06441393875395987
2 0.6690419635787807 0.42133051742344246 0.04275534441805225 0.08342133051742344
13 0.6460807600950119 0.4625131995776135 0.010292953285827395 0.0021119324181626186
19 0.2826603325415677 0.4297782470960929 0.08630245447347586 0.15522703273495247
19 0.6634996041171813 0.37486800422386485 0.09026128266033254 0.28511087645195354
19 0.44418052256532065 0.44561774023231254 0.0498812351543943 0.1446673706441394
13 0.6872525732383215 0.5269271383315733 0.013460015835312747 0.0021119324181626186
11 0.027711797307996833 0.5131995776135164 0.056215360253365 0.03801478352692714
0 0.6785431512272367 0.5258711721224921 0.02454473475851148 0.02006335797254488
2 0.569279493269992 0.5269271383315733 0.01583531274742676 0.021119324181626188
19 0.9469517022961204 0.40549102428722283 0.1060965954077593 0.26715945089757126
19 0.43784639746634996 0.40232312565997885 0.16547901821060965 0.27771911298838436
2 0.8210609659540776 0.6187961985216474 0.13143309580364212 0.11298838437170011
19 0.48931116389548696 0.34107708553326294 0.4782264449722882 0.6832101372756072
