18 0.7965162311955661 0.4171066525871172 0.07521773555027712 0.025343189017951427
16 0.9699129057798892 0.5248152059134108 0.05938242280285035 0.01900739176346357
17 0.997624703087886 0.5343189017951425 0.00395882818685669 0.0021119324181626186
2 0.6009501187648456 0.4941921858500528 0.1021377672209026 0.1246040126715945
17 0.28661916072842436 0.5480464625131996 0.035629453681710214 0.04751847940865892
0 0.5328582739509106 0.5406546990496304 0.12114014251781473 0.07602956705385427
13 0.14410134600158353 0.5797254487856388 0.0831353919239905 0.04963041182682154
0 0.6397466349960411 0.5702217529039071 0.10292953285827396 0.07708553326293559
23 0.3594615993665875 0.2365364308342133 0.0665083135391924 0.05279831045406547
3 0.3000791765637371 0.21647307286166842 0.053840063341250986 0.09186906019007392
21 0.5581947743467933 0.23864836325237593 0.013460015835312747 0.04963041182682154
7 0.5637371338083927 0.26504751847940866 0.050673000791765635 0.004223864836325237
3 0.5977830562153602 0.2481520591341077 0.07205067300079177 0.04012671594508976
6 0.7395091053048297 0.2502639915522703 0.06809184481393507 0.03907074973600845
19 0.9889152810768013 0.3907074973600845 0.022169437846397466 0.08658922914466737
22 0.7783056215360253 0.3833157338965153 0.08234362628661916 0.1119324181626188
23 0.3642121931908155 0.3885955649419219 0.07521773555027712 0.10770855332629356
19 0.8939034045922407 0.3991552270327349 0.13460015835312747 0.146779303062302
10 0.9794140934283452 0.4276663146779303 0.040380047505938245 0.09609292502639916
19 0.9889152810768013 0.45195353748680045 0.021377672209026127 0.1003167898627244
16 0.9809976247030879 0.529039070749736 0.03800475059382423 0.007391763463569166
17 0.9817893903404592 0.5364308342133052 0.035629453681710214 0.012671594508975714
19 0.38717339667458434 0.3843717001055966 0.12668250197941408 0.3220696937697994
2 0.7806809184481394 0.4910242872228089 0.07125890736342043 0.13621964097148892
13 0.2660332541567696 0.5469904963041182 0.04592240696753761 0.048574445617740235
0 0.2327790973871734 0.5142555438225976 0.09501187648456057 0.11298838437170011
2 0.735550277117973 0.498416050686378 0.08155186064924783 0.146779303062302
18 0.3254156769596199 0.5512143611404435 0.08155186064924783 0.04118268215417107
18 0.5368171021377672 0.5480464625131996 0.05146476642913698 0.06863780359028511
15 0.5003958828186856 0.5586061246040127 0.2676167854315123 0.04963041182682154
18 0.8456057007125891 0.5628299894403379 0.04513064133016627 0.05385427666314678
0 0.07838479809976247 0.5491024287222809 0.11322248614410134 0.08447729672650475
13 0.13222486144101345 0.5786694825765576 0.07838479809976247 0.046462513199577615
18 0.7157561361836896 0.5744456177402323 0.08471892319873317 0.0665258711721225
