18 0.5281076801266825 0.10137275607180571 0.01583531274742676 0.004223864836325237
13 0.5866983372921615 0.10876451953537487 0.012668250197941409 0.0031678986272439284
17 0.5874901029295329 0.1119324181626188 0.019002375296912115 0.004223864836325237
2 0.5415676959619953 0.11298838437170011 0.004750593824228029 0.0021119324181626186
0 0.5384006334125099 0.11404435058078141 0.000791765637371338 0.0010559662090813093
0 0.5581947743467933 0.11615628299894404 0.027711797307996833 0.005279831045406547
18 0.393507521773555 0.11510031678986272 0.014251781472684086 0.007391763463569166
13 0.3974663499604117 0.11615628299894404 0.0166270783847981 0.008447729672650475
2 0.5558194774346793 0.1119324181626188 0.02454473475851148 0.025343189017951427
17 0.48931116389548696 0.13199577613516367 0.0023752969121140144 0.005279831045406547
17 0.30482977038796516 0.14255543822597677 0.015043547110055424 0.004223864836325237
18 0.3903404592240697 0.15522703273495247 0.0166270783847981 0.006335797254487857
15 0.36500395882818687 0.17845828933474128 0.000791765637371338 0.0021119324181626186
14 0.25653206650831356 0.21013727560718057 0.000791765637371338 0.0010559662090813093
18 0.09105304829770387 0.2249208025343189 0.010292953285827395 0.007391763463569166
0 0.09105304829770387 0.22703273495248152 0.06334125098970704 0.027455121436114043
2 0.3507521773555028 0.22703273495248152 0.030087094220110848 0.03273495248152059
0 0.3079968329374505 0.2375923970432946 0.011084718923198733 0.012671594508975714
0 0.2905779889152811 0.2502639915522703 0.01979414093428345 0.021119324181626188
14 0.06809184481393507 0.2608236536430834 0.003167062549485352 0.0021119324181626186
0 0.5898653998416469 0.10348468848996832 0.009501187648456057 0.010559662090813094
13 0.5874901029295329 0.10876451953537487 0.014251781472684086 0.004223864836325237
0 0.5843230403800475 0.10242872228088701 0.014251781472684086 0.01795142555438226
13 0.5906571654790183 0.1119324181626188 0.01979414093428345 0.006335797254487857
18 0.5811559778305622 0.11298838437170011 0.013460015835312747 0.004223864836325237
19 0.505938242280285 0.07708553326293559 0.04829770387965162 0.08342133051742344
18 0.5320665083135392 0.11932418162618796 0.0166270783847981 0.004223864836325237
15 0.5566112430720507 0.11721224920802534 0.022961203483768806 0.011615628299894404
2 0.5376088677751386 0.11298838437170011 0.0023752969121140144 0.021119324181626188
2 0.5312747426761678 0.11404435058078141 0.011876484560570071 0.025343189017951427
13 0.3079968329374505 0.14361140443505807 0.026128266033254157 0.005279831045406547
2 0.39588281868566905 0.13938753959873285 0.014251781472684086 0.030623020063357972
2 0.393507521773555 0.1341077085533263 0.019002375296912115 0.04118268215417107
19 0.6508313539192399 0.10454065469904963 0.05859065716547902 0.11087645195353749
18 0.4069675376088678 0.1573389651531151 0.013460015835312747 0.010559662090813094
0 0.391132224861441 0.1583949313621964 0.03483768804433888 0.010559662090813094
2 0.30641330166270786 0.16050686378035903 0.019002375296912115 0.03167898627243928
19 0.39429928741092635 0.11298838437170011 0.0831353919239905 0.13727560718057022
0 0.3000791765637371 0.17106652587117213 0.012668250197941409 0.024287222808870117
2 0.26524148851939827 0.17423442449841606 0.01979414093428345 0.03484688489968321
19 0.19794140934283452 0.1341077085533263 0.0665083135391924 0.11826821541710665
2 0.24069675376088678 0.17423442449841606 0.028503562945368172 0.04963041182682154
13 0.22644497228820268 0.19852164730728616 0.01979414093428345 0.008447729672650475
2 0.4267616785431512 0.19852164730728616 0.022169437846397466 0.026399155227032733
19 0.4901029295328583 0.1446673706441394 0.07125890736342043 0.13833157338965152
13 0.09422011084718923 0.23125659978880675 0.0023752969121140144 0.007391763463569166
13 0.07205067300079177 0.23336853220696938 0.02058590657165479 0.01689545934530095
0 0.07600950118764846 0.23336853220696938 0.052256532066508314 0.01583949313621964
19 0.3269992082343626 0.18585005279831046 0.08392715756136183 0.16578669482576558
2 0.17814726840855108 0.2703273495248152 0.03167062549485352 0.025343189017951427
19 0.5312747426761678 0.23125659978880675 0.07521773555027712 0.1689545934530095
12 0.5122723673792557 0.3453009503695882 0.09105304829770387 0.12671594508975711
19 0.013460015835312747 0.368532206969377 0.027711797307996833 0.24181626187961985
19 0.8147268408551069 0.4012671594508976 0.24069675376088678 0.33896515311510034
11 0.26999208234362626 0.5945089757127772 0.08471892319873317 0.09292502639915523
10 0.42913697545526525 0.665258711721225 0.48772763262074426 0.6684266103484688
19 0.4330958036421219 0.720168954593453 0.220110847189232 0.5586061246040127
