0 0.5098970704671417 0.46673706441393875 0.009501187648456057 0.010559662090813094
2 0.5439429928741093 0.470960929250264 0.02058590657165479 0.006335797254487857
18 0.4600158353127474 0.470960929250264 0.028503562945368172 0.006335797254487857
13 0.4655581947743468 0.470960929250264 0.026128266033254157 0.008447729672650475
2 0.4742676167854315 0.47624076029567053 0.00791765637371338 0.008447729672650475
16 0.5217735550277118 0.4815205913410771 0.022961203483768806 0.011615628299894404
17 0.5154394299287411 0.48680042238648363 0.023752969121140142 0.004223864836325237
18 0.46476642913697547 0.515311510031679 0.030087094220110848 0.006335797254487857
17 0.42913697545526525 0.5279831045406547 0.001583531274742676 0.0010559662090813093
15 0.4592240696753761 0.53220696937698 0.05779889152810768 0.01900739176346357
15 0.4584323040380047 0.5343189017951425 0.05859065716547902 0.025343189017951427
14 0.28978622327790976 0.6019007391763463 0.004750593824228029 0.004223864836325237
2 0.5067300079176563 0.6029567053854277 0.043547110055423596 0.048574445617740235
0 0.46239113222486145 0.6209081309398099 0.018210609659540775 0.023231256599788808
0 0.47268408551068886 0.6462513199577613 0.03483768804433888 0.029567053854276663
18 0.23119556611243072 0.6642027455121436 0.053840063341250986 0.012671594508975714
0 0.2414885193982581 0.6663146779303062 0.08867775138558986 0.05279831045406547
13 0.05146476642913698 0.7360084477296727 0.010292953285827395 0.01583949313621964
14 0.05304829770387965 0.747624076029567 0.00870942201108472 0.008447729672650475
15 0.034045922406967535 0.8574445617740233 0.06809184481393507 0.03801478352692714
19 0.44655581947743467 0.4350580781414995 0.05463182897862233 0.07391763463569166
15 0.5360253365003959 0.4730728616684266 0.0055423594615993665 0.0010559662090813093
18 0.5106888361045131 0.4730728616684266 0.011876484560570071 0.0031678986272439284
2 0.5193982581155978 0.4730728616684266 0.004750593824228029 0.006335797254487857
2 0.5273159144893111 0.4730728616684266 0.011876484560570071 0.009503695881731784
18 0.5146476642913698 0.47729672650475186 0.012668250197941409 0.005279831045406547
17 0.5122723673792557 0.48468848996832103 0.012668250197941409 0.0031678986272439284
16 0.5209817893903405 0.4836325237592397 0.022169437846397466 0.009503695881731784
19 0.6294536817102138 0.4498416050686378 0.057007125890736345 0.09820485744456177
2 0.47268408551068886 0.4963041182682154 0.018210609659540775 0.0337909186906019
2 0.4584323040380047 0.4931362196409715 0.02454473475851148 0.0454065469904963
18 0.4829770387965162 0.515311510031679 0.004750593824228029 0.012671594508975714
0 0.4655581947743468 0.518479408658923 0.028503562945368172 0.011615628299894404
19 0.4172604908946952 0.4604012671594509 0.1227236737925574 0.12882787750791974
13 0.4283452098178939 0.529039070749736 0.001583531274742676 0.0021119324181626186
0 0.442596991290578 0.5353748680042238 0.03246239113222486 0.014783526927138331
0 0.440221694378464 0.5343189017951425 0.03246239113222486 0.01583949313621964
2 0.4093428345209818 0.5311510031678986 0.02058590657165479 0.03167898627243928
0 0.4220110847189232 0.542766631467793 0.01583531274742676 0.03167898627243928
19 0.6049089469517023 0.4910242872228089 0.0831353919239905 0.146779303062302
2 0.4053840063341251 0.5501583949313622 0.009501187648456057 0.046462513199577615
2 0.5225653206650831 0.5596620908130939 0.028503562945368172 0.029567053854276663
2 0.3847980997624703 0.5533262935586061 0.03246239113222486 0.06969376979936642
13 0.3673792557403009 0.590285110876452 0.04433887569279493 0.006335797254487857
19 0.22961203483768805 0.518479408658923 0.08867775138558986 0.17212249208025343
19 0.5708630245447348 0.5512143611404435 0.12193190815518606 0.21647307286166842
13 0.2454473475851148 0.672650475184794 0.05304829770387965 0.014783526927138331
13 0.23198733174980204 0.6863780359028511 0.055423594615993665 0.024287222808870117
0 0.2391132224861441 0.6863780359028511 0.07125890736342043 0.0454065469904963
19 0.9192399049881235 0.5797254487856388 0.16072842438638163 0.2734952481520591
2 0.37767220902612825 0.7106652587117213 0.050673000791765635 0.05385427666314678
0 0.05779889152810768 0.7930306230200633 0.009501187648456057 0.03907074973600845
2 0.028503562945368172 0.7961985216473073 0.05779889152810768 0.08447729672650475
13 0.013460015835312747 0.8680042238648363 0.026920031670625493 0.011615628299894404
17 0.004750593824228029 0.8753959873284055 0.009501187648456057 0.01689545934530095
19 0.8923198733174981 0.8321013727560718 0.21456848772763262 0.3347412882787751
19 0.13460015835312747 0.49947201689545934 0.26999208234362626 1.0
