18 0.7379255740300871 0.46462513199577615 0.019002375296912115 0.022175290390707498
17 0.4117181314330958 0.5300950369588173 0.015043547110055424 0.026399155227032733
13 0.3341250989707047 0.5385427666314678 0.057007125890736345 0.01900739176346357
2 0.6080760095011877 0.5121436114044351 0.0855106888361045 0.09186906019007392
0 0.5415676959619953 0.5406546990496304 0.04908946951702296 0.05174234424498416
16 0.9762470308788599 0.5670538542766631 0.04671417260490895 0.026399155227032733
0 0.555027711797308 0.5617740232312566 0.07521773555027712 0.054910242872228086
21 0.885193982581156 0.24392819429778248 0.013460015835312747 0.054910242872228086
3 0.9501187648456056 0.2470960929250264 0.0997624703087886 0.06019007391763464
7 0.8891528107680127 0.27560718057022177 0.06571654790182106 0.014783526927138331
23 0.6777513855898654 0.2692713833157339 0.0768012668250198 0.057022175290390706
3 0.6064924782264449 0.2587117212249208 0.05146476642913698 0.08553326293558607
23 0.6769596199524941 0.4065469904963041 0.0768012668250198 0.10242872228088701
13 0.4077593032462391 0.5205913410770855 0.007125890736342043 0.02006335797254488
0 0.3072050673000792 0.5163674762407603 0.050673000791765635 0.04329461457233368
19 0.56215360253365 0.42238648363252373 0.10768012668250197 0.235480464625132
0 0.38163103721298497 0.5079197465681098 0.04908946951702296 0.06969376979936642
18 0.4267616785431512 0.53220696937698 0.02058590657165479 0.024287222808870117
13 0.32937450514647665 0.5364308342133052 0.05463182897862233 0.01795142555438226
15 0.5249406175771971 0.5501583949313622 0.17577197149643706 0.024287222808870117
18 0.5447347585114806 0.5448785638859557 0.021377672209026127 0.042238648363252376
2 0.7347585114806018 0.5216473072861668 0.05779889152810768 0.11087645195353749
2 0.6793349168646081 0.5237592397043295 0.05859065716547902 0.1119324181626188
16 0.9873317498020586 0.5807814149947201 0.02454473475851148 0.02006335797254488
18 0.7521773555027712 0.5807814149947201 0.09184481393507522 0.03167898627243928
18 0.6310372129849564 0.573389651531151 0.015043547110055424 0.0454065469904963
17 0.9849564528899446 0.5976768743400211 0.030087094220110848 0.04012671594508976
19 0.0768012668250198 0.53220696937698 0.1536025336500396 0.7888067581837381
