2 0.5661124307205068 0.5839493136219641 0.022169437846397466 0.026399155227032733
13 0.5407759303246239 0.5934530095036958 0.030087094220110848 0.03695881731784583
15 0.5494853523357086 0.6050686378035903 0.05938242280285035 0.01900739176346357
14 0.7371338083927158 0.7243928194297783 0.060174188440221696 0.03484688489968321
0 0.6547901821060966 0.7529039070749736 0.04829770387965162 0.03273495248152059
0 0.24782264449722882 0.8680042238648363 0.07205067300079177 0.06863780359028511
2 0.07600950118764846 0.9239704329461457 0.1330166270783848 0.05174234424498416
17 0.6444972288202692 0.9704329461457233 0.052256532066508314 0.05807814149947202
15 0.42992874109263657 0.9609292502639916 0.043547110055423596 0.0781414994720169
15 0.21931908155186064 0.9619852164730729 0.4386381631037213 0.07497360084477296
19 0.9746634996041171 0.3611404435058078 0.050673000791765635 0.09186906019007392
2 0.5431512272367379 0.5659978880675819 0.023752969121140142 0.012671594508975714
2 0.5376088677751386 0.5818373812038015 0.027711797307996833 0.04012671594508976
17 0.5700712589073634 0.6029567053854277 0.000791765637371338 0.0010559662090813093
2 0.5471100554235946 0.590285110876452 0.02454473475851148 0.04118268215417107
13 0.5423594615993665 0.6114044350580782 0.02058590657165479 0.0021119324181626186
0 0.5534441805225653 0.604012671594509 0.0395882818685669 0.028511087645195353
19 0.21060965954077593 0.5659978880675819 0.11480601741884403 0.18585005279831046
13 0.6033254156769596 0.6599788806758183 0.0665083135391924 0.01583949313621964
19 0.442596991290578 0.5047518479408659 0.13064133016627077 0.34635691657866946
19 0.6935866983372921 0.4931362196409715 0.15043547110055425 0.4192185850052798
13 0.5391923990498813 0.7001055966209081 0.03642121931908155 0.012671594508975714
2 0.4806017418844022 0.6378035902851109 0.08076009501187649 0.1573389651531151
2 0.3974663499604117 0.7360084477296727 0.004750593824228029 0.008447729672650475
13 0.66270783847981 0.7444561774023232 0.03483768804433888 0.01689545934530095
2 0.4742676167854315 0.6832101372756072 0.0688836104513064 0.14361140443505807
0 0.6492478226444972 0.747624076029567 0.04275534441805225 0.03801478352692714
0 0.4267616785431512 0.7465681098204857 0.06096595407759303 0.13833157338965152
19 0.09026128266033254 0.614572333685322 0.18052256532066507 0.5216473072861668
2 0.56215360253365 0.8489968321013728 0.1916072842438638 0.23864836325237593
13 0.6294536817102138 0.9746568109820486 0.13064133016627077 0.050686378035902854
0 0.3824228028503563 0.9588173178458289 0.1789390340459224 0.08130939809926083
0 0.3665874901029295 0.9609292502639916 0.17735550277117973 0.0781414994720169
