18 0.5193982581155978 0.7265047518479408 0.06809184481393507 0.012671594508975714
13 0.5288994457640538 0.7275607180570222 0.056215360253365 0.01583949313621964
18 0.4806017418844022 0.7571277719112989 0.022961203483768806 0.005279831045406547
13 0.46318289786223277 0.7930306230200633 0.00791765637371338 0.0021119324181626186
0 0.4679334916864608 0.7940865892291447 0.00870942201108472 0.004223864836325237
0 0.45447347585114806 0.7909186906019008 0.009501187648456057 0.01689545934530095
17 0.48931116389548696 0.8067581837381204 0.000791765637371338 0.008447729672650475
2 0.3388756927949327 0.8331573389651531 0.02058590657165479 0.025343189017951427
15 0.6476642913697546 0.8468848996832101 0.09738717339667459 0.023231256599788808
17 0.503562945368171 0.8627243928194298 0.011084718923198733 0.01900739176346357
15 0.6476642913697546 0.8574445617740233 0.09897070467141726 0.03167898627243928
19 0.08630245447347586 0.42133051742344246 0.17339667458432304 0.13833157338965152
3 0.9928741092636579 0.5839493136219641 0.014251781472684086 0.08130939809926083
19 0.768012668250198 0.6515311510031679 0.11243072050673 0.059134107708553325
0 0.46872525732383213 0.7888067581837381 0.0023752969121140144 0.0031678986272439284
0 0.4655581947743468 0.7835269271383316 0.013460015835312747 0.01689545934530095
13 0.4584323040380047 0.7909186906019008 0.000791765637371338 0.0010559662090813093
15 0.46951702296120346 0.791974656810982 0.0055423594615993665 0.0021119324181626186
2 0.4885193982581156 0.7771911298838438 0.0055423594615993665 0.03695881731784583
18 0.47030878859857483 0.795142555438226 0.000791765637371338 0.0010559662090813093
2 0.5629453681710214 0.7687434002111933 0.0395882818685669 0.057022175290390706
2 0.47980997624703087 0.7793030623020063 0.014251781472684086 0.04012671594508976
18 0.4615993665874901 0.7983104540654699 0.021377672209026127 0.006335797254487857
18 0.4758511480601742 0.8004223864836325 0.030087094220110848 0.008447729672650475
17 0.4885193982581156 0.8078141499472017 0.000791765637371338 0.006335797254487857
2 0.5162311955661124 0.7793030623020063 0.053840063341250986 0.10665258711721225
19 0.6175771971496437 0.7624076029567054 0.08709422011084719 0.14994720168954592
19 0.31987331749802056 0.7634635691657867 0.09501187648456057 0.15522703273495247
0 0.6199524940617577 0.8627243928194298 0.04592240696753761 0.01795142555438226
0 0.6231195566112431 0.8658922914466737 0.05859065716547902 0.014783526927138331
13 0.4996041171813143 0.870116156282999 0.023752969121140142 0.021119324181626188
2 0.5510688836104513 0.839493136219641 0.09817893903404593 0.09186906019007392
0 0.6737925574030087 0.8500527983104541 0.05146476642913698 0.11510031678986272
19 0.36975455265241486 0.7708553326293559 0.2604908946951702 0.34107708553326294
2 0.7347585114806018 0.8585005279831045 0.08788598574821853 0.2006335797254488
2 0.8677751385589866 0.8310454065469906 0.21694378463974665 0.3368532206969377
