18 0.4552652414885194 0.07391763463569166 0.02058590657165479 0.004223864836325237
13 0.4932699920823436 0.0781414994720169 0.000791765637371338 0.0010559662090813093
17 0.49564528899445764 0.08130939809926083 0.000791765637371338 0.0010559662090813093
0 0.447347585114806 0.08553326293558607 0.00791765637371338 0.011615628299894404
2 0.4782264449722882 0.08342133051742344 0.025336500395882817 0.023231256599788808
2 0.4251781472684085 0.09292502639915523 0.015043547110055424 0.01689545934530095
18 0.3657957244655582 0.1003167898627244 0.019002375296912115 0.0010559662090813093
16 0.447347585114806 0.10665258711721225 0.02058590657165479 0.012671594508975714
17 0.440221694378464 0.11087645195353749 0.02058590657165479 0.004223864836325237
18 0.3721298495645289 0.146779303062302 0.025336500395882817 0.005279831045406547
17 0.3246239113222486 0.16367476240760295 0.011084718923198733 0.0031678986272439284
15 0.35629453681710216 0.16578669482576558 0.04592240696753761 0.021119324181626188
15 0.35391923990498814 0.1678986272439282 0.0498812351543943 0.025343189017951427
2 0.3847980997624703 0.23125659978880675 0.035629453681710214 0.04118268215417107
0 0.3475851148060174 0.2470960929250264 0.018210609659540775 0.021119324181626188
0 0.3475851148060174 0.2692713833157339 0.025336500395882817 0.023231256599788808
18 0.13539192399049882 0.28299894403379094 0.03483768804433888 0.008447729672650475
0 0.1369754552652415 0.2840549102428722 0.0791765637371338 0.03801478352692714
13 0.04117181314330958 0.3526927138331573 0.013460015835312747 0.02006335797254488
0 0.48535233570863023 0.07180570221752904 0.0023752969121140144 0.0021119324181626186
0 0.4908946951702296 0.07708553326293559 0.00395882818685669 0.004223864836325237
13 0.4901029295328583 0.0791974656810982 0.000791765637371338 0.0010559662090813093
18 0.4924782264449723 0.08130939809926083 0.0055423594615993665 0.005279831045406547
15 0.4679334916864608 0.09292502639915523 0.003167062549485352 0.0021119324181626186
18 0.44655581947743467 0.09292502639915523 0.010292953285827395 0.0031678986272439284
2 0.45288994457640536 0.08447729672650475 0.00395882818685669 0.026399155227032733
2 0.4600158353127474 0.08764519535374868 0.012668250197941409 0.026399155227032733
18 0.447347585114806 0.09926082365364308 0.00870942201108472 0.005279831045406547
19 0.39429928741092635 0.054910242872228086 0.0498812351543943 0.09609292502639916
17 0.4386381631037213 0.10876451953537487 0.011876484560570071 0.0031678986272439284
16 0.44576405384006335 0.10876451953537487 0.01979414093428345 0.010559662090813094
19 0.566904196357878 0.06863780359028511 0.057007125890736345 0.10770855332629356
2 0.3784639746634996 0.133051742344245 0.015043547110055424 0.024287222808870117
2 0.36500395882818687 0.12565997888067582 0.014251781472684086 0.04329461457233368
19 0.33729216152019004 0.08553326293558607 0.11084718923198733 0.12988384371700107
18 0.391132224861441 0.1457233368532207 0.004750593824228029 0.011615628299894404
0 0.37292161520190026 0.14994720168954592 0.030878859857482184 0.013727560718057022
13 0.3254156769596199 0.16473072861668428 0.011084718923198733 0.007391763463569166
0 0.3412509897070467 0.1678986272439282 0.03246239113222486 0.01583949313621964
0 0.3436262866191607 0.1689545934530095 0.0332541567695962 0.01583949313621964
2 0.3095803642121932 0.16578669482576558 0.0166270783847981 0.029567053854276663
0 0.3143309580364212 0.17845828933474128 0.011876484560570071 0.028511087645195353
19 0.49564528899445764 0.1246040126715945 0.0791765637371338 0.14361140443505807
2 0.42280285035629456 0.18796198521647306 0.023752969121140142 0.025343189017951427
2 0.2905779889152811 0.18690601900739176 0.01741884402216944 0.042238648363252376
2 0.26999208234362626 0.191129883843717 0.034045922406967535 0.059134107708553325
13 0.2573238321456849 0.22280887011615627 0.0332541567695962 0.006335797254487857
19 0.1417260490894695 0.15205913410770855 0.09422011084718923 0.15205913410770855
19 0.4117181314330958 0.1890179514255544 0.10768012668250197 0.18479408658922913
13 0.1496437054631829 0.29039070749736007 0.02454473475851148 0.008447729672650475
13 0.13064133016627077 0.2988384371700106 0.03800475059382423 0.01689545934530095
0 0.1369754552652415 0.29778247096092925 0.05304829770387965 0.03167898627243928
2 0.2517814726840855 0.3167898627243928 0.03721298495645289 0.03695881731784583
19 0.7157561361836896 0.22175290390707497 0.16547901821060965 0.22914466737064415
0 0.0332541567695962 0.337909186906019 0.000791765637371338 0.0010559662090813093
12 0.7893903404592241 0.324181626187962 0.0665083135391924 0.17634635691657866
19 0.3594615993665875 0.4625131995776135 0.1995249406175772 0.33051742344244983
19 0.07442596991290577 0.43189017951425557 0.14885193982581155 0.3928194297782471
11 0.8408551068883611 0.5976768743400211 0.16152019002375298 0.10770855332629356
10 0.9255740300870943 0.48996832101372756 0.14885193982581155 0.457233368532207
