18 0.391132224861441 0.20380147835269272 0.030087094220110848 0.005279831045406547
13 0.33016627078384797 0.21541710665258712 0.040380047505938245 0.009503695881731784
18 0.3222486144101346 0.21541710665258712 0.04433887569279493 0.009503695881731784
17 0.4307205067300079 0.22280887011615627 0.0023752969121140144 0.004223864836325237
2 0.4180522565320665 0.21964097148891235 0.025336500395882817 0.029567053854276663
0 0.3721298495645289 0.22703273495248152 0.012668250197941409 0.014783526927138331
16 0.39667458432304037 0.24181626187961985 0.03167062549485352 0.014783526927138331
17 0.388756927949327 0.2481520591341077 0.03246239113222486 0.007391763463569166
18 0.33570863024544734 0.2808870116156283 0.04592240696753761 0.009503695881731784
15 0.3404592240696754 0.3041182682154171 0.09105304829770387 0.023231256599788808
15 0.33966745843230406 0.307286166842661 0.09105304829770387 0.030623020063357972
14 0.060174188440221696 0.4371700105596621 0.006334125098970704 0.005279831045406547
2 0.42992874109263657 0.40549102428722283 0.0625494853523357 0.07391763463569166
0 0.37054631828978624 0.440337909186906 0.028503562945368172 0.04012671594508976
0 0.39825811559778307 0.4815205913410771 0.05859065716547902 0.048574445617740235
0 0.019002375296912115 0.6314677930306231 0.038796516231195566 0.13621964097148892
3 0.9841646872525732 0.025343189017951427 0.03167062549485352 0.050686378035902854
0 0.41250989707046715 0.20380147835269272 0.007125890736342043 0.0021119324181626186
13 0.4330958036421219 0.22175290390707497 0.003167062549485352 0.006335797254487857
15 0.4101346001583531 0.23442449841605068 0.0055423594615993665 0.0010559662090813093
2 0.38638163103721296 0.22069693769799367 0.00791765637371338 0.030623020063357972
18 0.3745051464766429 0.23442449841605068 0.0166270783847981 0.005279831045406547
2 0.39825811559778307 0.22280887011615627 0.01741884402216944 0.03273495248152059
18 0.38163103721298497 0.2375923970432946 0.019002375296912115 0.005279831045406547
17 0.384006334125099 0.24604012671594508 0.01979414093428345 0.005279831045406547
16 0.3950910530482977 0.24392819429778248 0.030878859857482184 0.011615628299894404
19 0.2747426761678543 0.2016895459345301 0.07521773555027712 0.11826821541710665
19 0.5257323832145685 0.2249208025343189 0.0395882818685669 0.08025343189017951
2 0.34600158353127475 0.25237592397043296 0.027711797307996833 0.05174234424498416
2 0.32145684877276326 0.25131995776135163 0.035629453681710214 0.06969376979936642
18 0.36262866191607285 0.2819429778247096 0.010292953285827395 0.01583949313621964
19 0.24386381631037213 0.19957761351636746 0.19319081551860648 0.1890179514255544
0 0.33570863024544734 0.29039070749736007 0.035629453681710214 0.010559662090813094
0 0.3119556611243072 0.31045406546990495 0.04513064133016627 0.022175290390707498
0 0.3087885985748218 0.3093980992608237 0.04433887569279493 0.024287222808870117
2 0.2684085510688836 0.3051742344244984 0.023752969121140142 0.046462513199577615
19 0.5423594615993665 0.2692713833157339 0.0665083135391924 0.1457233368532207
0 0.28820269200316706 0.32101372756071805 0.022169437846397466 0.05279831045406547
2 0.4235946159936659 0.34213305174234426 0.0395882818685669 0.03907074973600845
2 0.2676167854315123 0.33157338965153116 0.01741884402216944 0.08025343189017951
2 0.2327790973871734 0.3368532206969377 0.07046714172604909 0.12671594508975711
13 0.20665083135391923 0.4065469904963041 0.08788598574821853 0.006335797254487857
19 0.9612034837688044 0.307286166842661 0.07759303246239113 0.3115100316789863
19 0.5589865399841647 0.3041182682154171 0.20902612826603326 0.36536430834213307
0 0.003167062549485352 0.6356916578669483 0.007125890736342043 0.02006335797254488
13 0.000791765637371338 0.6494192185850053 0.001583531274742676 0.007391763463569166
2 0.2644497228820269 0.6430834213305174 0.10372129849564529 0.11615628299894404
