18 0.7838479809976246 0.4382259767687434 0.05146476642913698 0.025343189017951427
16 0.9802058590657166 0.5480464625131996 0.0395882818685669 0.013727560718057022
2 0.6049089469517023 0.5047518479408659 0.08471892319873317 0.11087645195353749
17 0.32937450514647665 0.5469904963041182 0.02058590657165479 0.04012671594508976
0 0.5455265241488519 0.545934530095037 0.10847189231987332 0.06863780359028511
13 0.21060965954077593 0.5681098204857444 0.0728424386381631 0.03695881731784583
0 0.6088677751385589 0.5744456177402323 0.09184481393507522 0.07074973600844774
21 0.6476642913697546 0.2502639915522703 0.012668250197941409 0.04963041182682154
6 0.8400633412509897 0.2565997888067582 0.07442596991290577 0.04329461457233368
3 0.6896278701504355 0.2587117212249208 0.07838479809976247 0.042238648363252376
7 0.6516231195566112 0.27771911298838436 0.05304829770387965 0.006335797254487857
23 0.4552652414885194 0.2555438225976769 0.07046714172604909 0.05174234424498416
3 0.39588281868566905 0.24076029567053855 0.04908946951702296 0.08658922914466737
23 0.4568487727632621 0.40232312565997885 0.07046714172604909 0.10137275607180571
22 0.88756927949327 0.3938753959873284 0.09184481393507522 0.11932418162618796
19 0.9651623119556612 0.42133051742344246 0.0688836104513064 0.13727560718057022
19 0.442596991290578 0.4033790918690602 0.11480601741884403 0.2914466737064414
16 0.9912905779889153 0.5512143611404435 0.0166270783847981 0.005279831045406547
17 0.9920823436262867 0.5554382259767687 0.01583531274742676 0.008447729672650475
13 0.3119556611243072 0.5406546990496304 0.028503562945368172 0.04118268215417107
0 0.2826603325415677 0.5174234424498416 0.07759303246239113 0.09714889123548047
18 0.3578780680918448 0.5501583949313622 0.05859065716547902 0.03695881731784583
2 0.7751385589865399 0.5068637803590285 0.06492478226444973 0.12988384371700107
0 0.15993665874901028 0.5395987328405492 0.08630245447347586 0.0665258711721225
15 0.501187648456057 0.5607180570221753 0.22802850356294538 0.03801478352692714
2 0.7228820269200317 0.5131995776135164 0.07363420427553444 0.13727560718057022
13 0.20110847189231987 0.5659978880675819 0.0688836104513064 0.03484688489968321
18 0.5368171021377672 0.5543822597676874 0.030087094220110848 0.061246040126715945
18 0.8266033254156769 0.5765575501583949 0.06492478226444973 0.048574445617740235
18 0.6864608076009501 0.5818373812038015 0.06492478226444973 0.061246040126715945
