15 0.7220902612826603 0.4699049630411827 0.000791765637371338 0.0010559662090813093
15 0.9326999208234362 0.46884899683210135 0.13460015835312747 0.01900739176346357
15 0.9334916864608076 0.4730728616684266 0.13222486144101345 0.027455121436114043
2 0.7015043547110056 0.5026399155227033 0.027711797307996833 0.026399155227032733
14 0.89944576405384 0.5195353748680043 0.026920031670625493 0.01795142555438226
18 0.8566904196357878 0.529039070749736 0.021377672209026127 0.005279831045406547
0 0.8353127474267616 0.5026399155227033 0.08392715756136183 0.06441393875395987
0 0.8155186064924782 0.545934530095037 0.02929532858273951 0.023231256599788808
2 0.7878068091844814 0.5374868004223865 0.03800475059382423 0.05279831045406547
19 0.21931908155186064 0.38753959873284055 0.0332541567695962 0.03484688489968321
2 0.7252573238321457 0.4635691657866948 0.000791765637371338 0.0010559662090813093
0 0.89944576405384 0.45195353748680045 0.018210609659540775 0.028511087645195353
13 0.9928741092636579 0.4677930306230201 0.011876484560570071 0.005279831045406547
2 0.9699129057798892 0.45406546990496305 0.060174188440221696 0.0337909186906019
2 0.8709422011084719 0.4508975712777191 0.02929532858273951 0.046462513199577615
2 0.8495645288994458 0.44456177402323127 0.03642121931908155 0.06335797254487856
13 0.8463974663499604 0.4751847940865892 0.038796516231195566 0.0031678986272439284
0 0.9651623119556612 0.47412882787750793 0.04275534441805225 0.008447729672650475
0 0.9651623119556612 0.47412882787750793 0.06967537608867776 0.007391763463569166
19 0.5281076801266825 0.44667370644139387 0.06096595407759303 0.11826821541710665
19 0.6611243072050673 0.4065469904963041 0.055423594615993665 0.22175290390707497
19 0.8551068883610451 0.3938753959873284 0.08788598574821853 0.249208025343189
11 0.36342042755344417 0.5068637803590285 0.028503562945368172 0.026399155227032733
2 0.7711797307996833 0.5163674762407603 0.003167062549485352 0.011615628299894404
13 0.8717339667458432 0.5258711721224921 0.015043547110055424 0.004223864836325237
10 0.222486144101346 0.46462513199577615 0.10372129849564529 0.13093980992608237
19 0.6730007917656373 0.43294614572333684 0.11797307996832937 0.19640971488912354
0 0.8598574821852731 0.529039070749736 0.02929532858273951 0.010559662090813094
12 0.28741092636579574 0.47729672650475186 0.04671417260490895 0.12143611404435058
19 0.08392715756136183 0.440337909186906 0.16864608076009502 0.19957761351636746
19 0.3452098178939034 0.4371700105596621 0.13222486144101345 0.23020063357972545
19 0.7521773555027712 0.39493136219640973 0.220110847189232 0.3759239704329461
2 0.9231987331749802 0.5712777191129884 0.07759303246239113 0.06441393875395987
