18 0.5091053048297703 0.5533262935586061 0.04671417260490895 0.010559662090813094
2 0.5106888361045131 0.5638859556494192 0.0498812351543943 0.022175290390707498
13 0.43626286619160726 0.5776135163674763 0.025336500395882817 0.0031678986272439284
17 0.45209817893903403 0.5797254487856388 0.006334125098970704 0.006335797254487857
18 0.8266033254156769 0.5913410770855333 0.0958036421219319 0.021119324181626188
13 0.828978622327791 0.5923970432946146 0.07125890736342043 0.02006335797254488
0 0.4418052256532066 0.590285110876452 0.022169437846397466 0.024287222808870117
16 0.5914489311163895 0.617740232312566 0.03642121931908155 0.01689545934530095
17 0.5961995249406176 0.6282998944033791 0.02454473475851148 0.006335797254487857
2 0.26365795724465557 0.6251319957761352 0.010292953285827395 0.024287222808870117
18 0.9041963578780681 0.7571277719112989 0.08630245447347586 0.030623020063357972
3 0.9390340459224069 0.35163674762407604 0.0855106888361045 0.0897571277719113
2 0.4932699920823436 0.5596620908130939 0.023752969121140142 0.012671594508975714
2 0.5186064924782264 0.5659978880675819 0.027711797307996833 0.01900739176346357
0 0.4243863816310372 0.5659978880675819 0.01979414093428345 0.02006335797254488
13 0.45447347585114806 0.5755015839493136 0.0023752969121140144 0.0031678986272439284
13 0.4323040380047506 0.5765575501583949 0.022961203483768806 0.0021119324181626186
0 0.444972288202692 0.5744456177402323 0.022961203483768806 0.01583949313621964
15 0.4489311163895487 0.5839493136219641 0.010292953285827395 0.005279831045406547
18 0.44972288202692 0.6071805702217529 0.003167062549485352 0.0021119324181626186
19 0.6064924782264449 0.5417106652587117 0.0855106888361045 0.17423442449841606
17 0.5859065716547902 0.6272439281942978 0.009501187648456057 0.004223864836325237
16 0.5961995249406176 0.6251319957761352 0.03483768804433888 0.010559662090813094
19 0.2414885193982581 0.5533262935586061 0.12747426761678543 0.20591341077085534
19 0.9802058590657166 0.5564941921858501 0.038796516231195566 0.27455121436114044
2 0.9065716547901821 0.6842661034846885 0.07838479809976247 0.13093980992608237
18 0.9136975455265242 0.7465681098204857 0.09263657957244656 0.04329461457233368
2 0.8218527315914489 0.6832101372756072 0.0934283452098179 0.17634635691657866
0 0.9160728424386382 0.7803590285110876 0.16706254948535235 0.07497360084477296
19 0.4742676167854315 0.6441393875395988 0.3998416468725257 0.5554382259767687
