18 0.5756136183689627 0.5142555438225976 0.012668250197941409 0.007391763463569166
2 0.5193982581155978 0.53220696937698 0.007125890736342043 0.025343189017951427
13 0.4346793349168646 0.5448785638859557 0.004750593824228029 0.0021119324181626186
0 0.4972288202692003 0.5628299894403379 0.0055423594615993665 0.0031678986272439284
0 0.4758511480601742 0.5617740232312566 0.034045922406967535 0.021119324181626188
2 0.27078384798099764 0.5955649419218585 0.0055423594615993665 0.02006335797254488
3 0.9477434679334917 0.30623020063357975 0.08709422011084719 0.09292502639915523
13 0.43151227236737927 0.5438225976768744 0.000791765637371338 0.0010559662090813093
19 0.6516231195566112 0.48996832101372756 0.0855106888361045 0.11510031678986272
15 0.4766429136975455 0.5554382259767687 0.001583531274742676 0.0010559662090813093
18 0.4932699920823436 0.5607180570221753 0.000791765637371338 0.0010559662090813093
2 0.5589865399841647 0.5480464625131996 0.0166270783847981 0.029567053854276663
2 0.5368171021377672 0.5491024287222809 0.027711797307996833 0.054910242872228086
18 0.5051464766429137 0.5712777191129884 0.03642121931908155 0.011615628299894404
18 0.5344418052256532 0.5818373812038015 0.034045922406967535 0.006335797254487857
19 0.24861441013460014 0.5174234424498416 0.14251781472684086 0.22914466737064415
2 0.997624703087886 0.6810982048574445 0.00395882818685669 0.13621964097148892
19 0.5961995249406176 0.6356916578669483 0.45209817893903403 0.6863780359028511
