18 0.48693586698337293 0.28722280887011614 0.027711797307996833 0.005279831045406547
18 0.444972288202692 0.30306230200633577 0.038796516231195566 0.007391763463569166
13 0.45209817893903403 0.30306230200633577 0.03483768804433888 0.009503695881731784
0 0.4663499604117181 0.307286166842661 0.011876484560570071 0.012671594508975714
2 0.5106888361045131 0.30095036958817317 0.02058590657165479 0.027455121436114043
16 0.4948535233570863 0.3220696937697994 0.027711797307996833 0.013727560718057022
17 0.4901029295328583 0.32840549102428723 0.025336500395882817 0.0031678986272439284
18 0.45605700712589076 0.3611404435058078 0.040380047505938245 0.007391763463569166
15 0.47268408551068886 0.3833157338965153 0.07521773555027712 0.023231256599788808
15 0.4766429136975455 0.3885955649419219 0.06413301662707839 0.024287222808870117
2 0.5534441805225653 0.47412882787750793 0.05304829770387965 0.06546990496304118
14 0.25494853523357086 0.5005279831045406 0.040380047505938245 0.02006335797254488
0 0.505938242280285 0.5036958817317846 0.023752969121140142 0.0337909186906019
0 0.5376088677751386 0.5406546990496304 0.050673000791765635 0.042238648363252376
18 0.2414885193982581 0.6335797254487856 0.11243072050673 0.027455121436114043
0 0.2509897070467142 0.6430834213305174 0.20506730007917656 0.1246040126715945
0 0.5019794140934284 0.28511087645195354 0.006334125098970704 0.0031678986272439284
13 0.5201900237529691 0.30095036958817317 0.001583531274742676 0.005279831045406547
15 0.5043547110055424 0.3136219640971489 0.00791765637371338 0.0010559662090813093
2 0.48139350752177357 0.3020063357972545 0.007125890736342043 0.029567053854276663
18 0.4750593824228028 0.3136219640971489 0.006334125098970704 0.005279831045406547
2 0.4924782264449723 0.3051742344244984 0.015043547110055424 0.029567053854276663
18 0.48139350752177357 0.31784582893347413 0.00791765637371338 0.005279831045406547
17 0.48535233570863023 0.3262935586061246 0.01583531274742676 0.0031678986272439284
16 0.4932699920823436 0.324181626187962 0.027711797307996833 0.009503695881731784
19 0.37133808392715756 0.2946145723336853 0.052256532066508314 0.08130939809926083
19 0.5969912905779889 0.28299894403379094 0.052256532066508314 0.11721224920802534
2 0.4663499604117181 0.3368532206969377 0.022169437846397466 0.044350580781414996
2 0.44418052256532065 0.33368532206969376 0.03167062549485352 0.06019007391763464
2 0.4014251781472684 0.36430834213305174 0.012668250197941409 0.0031678986272439284
18 0.47980997624703087 0.3632523759239704 0.00870942201108472 0.013727560718057022
0 0.45447347585114806 0.368532206969377 0.030878859857482184 0.009503695881731784
0 0.4584323040380047 0.3885955649419219 0.006334125098970704 0.01900739176346357
0 0.4513064133016627 0.38753959873284055 0.014251781472684086 0.021119324181626188
13 0.38558986539984164 0.39493136219640973 0.003167062549485352 0.008447729672650475
19 0.3737133808392716 0.30834213305174235 0.16547901821060965 0.20274551214361142
19 0.6326207442596992 0.324181626187962 0.10134600158353127 0.18796198521647306
0 0.4410134600158353 0.3991552270327349 0.010292953285827395 0.044350580781414996
2 0.5304829770387965 0.4160506863780359 0.035629453681710214 0.03590285110876452
2 0.4117181314330958 0.4139387539598733 0.05146476642913698 0.10454065469904963
13 0.3927157561361837 0.4720168954593453 0.07046714172604909 0.006335797254487857
19 0.11401425178147269 0.3717001055966209 0.18448139350752177 0.2692713833157339
19 0.6912114014251781 0.39493136219640973 0.18131433095803642 0.3093980992608237
13 0.27157561361836896 0.6473072861668426 0.11084718923198733 0.027455121436114043
13 0.2676167854315123 0.689545934530095 0.11559778305621536 0.03695881731784583
2 0.46872525732383213 0.6673706441393875 0.07600950118764846 0.09186906019007392
0 0.27790973871733965 0.6884899683210137 0.10768012668250197 0.12249208025343189
0 0.00395882818685669 0.9852164730728616 0.00870942201108472 0.028511087645195353
