18 0.43547110055423593 0.26504751847940866 0.009501187648456057 0.004223864836325237
13 0.4742676167854315 0.2713833157338965 0.003167062549485352 0.0021119324181626186
17 0.4829770387965162 0.2734952481520591 0.018210609659540775 0.0031678986272439284
0 0.47030878859857483 0.27666314677930304 0.003167062549485352 0.0021119324181626186
2 0.4576405384006334 0.2734952481520591 0.023752969121140142 0.022175290390707498
18 0.3103721298495645 0.28299894403379094 0.018210609659540775 0.006335797254487857
13 0.3159144893111639 0.28299894403379094 0.019002375296912115 0.008447729672650475
16 0.41330166270783847 0.2914466737064414 0.019002375296912115 0.011615628299894404
17 0.40617577197149646 0.29567053854276665 0.01741884402216944 0.004223864836325237
17 0.23594615993665874 0.30834213305174235 0.004750593824228029 0.009503695881731784
18 0.31908155186064924 0.3199577613516367 0.001583531274742676 0.0031678986272439284
15 0.2644497228820269 0.33157338965153116 0.0166270783847981 0.011615628299894404
15 0.2723673792557403 0.3368532206969377 0.038796516231195566 0.023231256599788808
2 0.2913697545526524 0.39809926082365366 0.01979414093428345 0.021119324181626188
0 0.24228028503562946 0.4044350580781415 0.022169437846397466 0.01900739176346357
0 0.014251781472684086 0.41288278775079196 0.028503562945368172 0.027455121436114043
0 0.22406967537608868 0.42133051742344246 0.023752969121140142 0.02006335797254488
0 0.4821852731591449 0.26715945089757126 0.00870942201108472 0.006335797254487857
13 0.4806017418844022 0.2703273495248152 0.015043547110055424 0.0031678986272439284
0 0.47901821060965954 0.26504751847940866 0.011876484560570071 0.014783526927138331
13 0.48614410134600156 0.2734952481520591 0.018210609659540775 0.004223864836325237
2 0.4410134600158353 0.2703273495248152 0.000791765637371338 0.009503695881731784
18 0.47901821060965954 0.27455121436114044 0.011084718923198733 0.004223864836325237
2 0.43626286619160726 0.27243928194297784 0.011084718923198733 0.012671594508975714
19 0.3974663499604117 0.249208025343189 0.04829770387965162 0.08130939809926083
19 0.5439429928741093 0.25448785638859556 0.056215360253365 0.07602956705385427
17 0.4093428345209818 0.2946145723336853 0.0166270783847981 0.005279831045406547
16 0.4117181314330958 0.2946145723336853 0.0166270783847981 0.008447729672650475
2 0.3103721298495645 0.29989440337909185 0.01979414093428345 0.03695881731784583
2 0.3159144893111639 0.3051742344244984 0.015043547110055424 0.029567053854276663
13 0.24465558194774348 0.3146779303062302 0.011084718923198733 0.009503695881731784
0 0.3238321456848773 0.32101372756071805 0.00870942201108472 0.006335797254487857
18 0.3285827395091053 0.32101372756071805 0.010292953285827395 0.009503695881731784
0 0.2596991290577989 0.3368532206969377 0.02454473475851148 0.011615628299894404
0 0.2573238321456849 0.3400211193241816 0.022961203483768806 0.006335797254487857
2 0.23040380047505937 0.32840549102428723 0.02058590657165479 0.03167898627243928
19 0.30245447347585114 0.2808870116156283 0.09263657957244656 0.13199577613516367
0 0.222486144101346 0.34213305174234426 0.013460015835312747 0.025343189017951427
2 0.1868566904196358 0.34635691657866946 0.022169437846397466 0.03590285110876452
19 0.4172604908946952 0.30623020063357975 0.07521773555027712 0.12988384371700107
2 0.35233570863024544 0.3611404435058078 0.022961203483768806 0.025343189017951427
2 0.16152019002375298 0.3474128827877508 0.03246239113222486 0.05174234424498416
19 0.0934283452098179 0.3125659978880676 0.08076009501187649 0.1246040126715945
13 0.14489311163895488 0.3738120380147835 0.026128266033254157 0.007391763463569166
0 0.001583531274742676 0.41816261879619854 0.00395882818685669 0.008447729672650475
13 0.0 0.42238648363252373 0.000791765637371338 0.0010559662090813093
19 0.27157561361836896 0.35374868004223864 0.09738717339667459 0.1678986272439282
2 0.09817893903404593 0.4551214361140444 0.03721298495645289 0.03167898627243928
19 0.5154394299287411 0.3991552270327349 0.10055423594615993 0.22069693769799367
12 0.5439429928741093 0.5089757127771911 0.08392715756136183 0.18479408658922913
19 0.8535233570863024 0.48785638859556496 0.16547901821060965 0.28511087645195354
11 0.393507521773555 0.8120380147835269 0.17577197149643706 0.14255543822597677
19 0.880443388756928 0.7708553326293559 0.23832145684877276 0.457233368532207
10 0.6128266033254157 0.7254487856388595 0.3285827395091053 0.5480464625131996
