13 0.38954869358669836 0.07497360084477296 0.014251781472684086 0.0021119324181626186
17 0.3919239904988123 0.07708553326293559 0.0166270783847981 0.0031678986272439284
0 0.37133808392715756 0.08553326293558607 0.025336500395882817 0.007391763463569166
0 0.3436262866191607 0.08764519535374868 0.0055423594615993665 0.006335797254487857
2 0.3721298495645289 0.08130939809926083 0.022961203483768806 0.024287222808870117
2 0.3333333333333333 0.08870116156282999 0.015043547110055424 0.012671594508975714
16 0.33729216152019004 0.10770855332629356 0.01979414093428345 0.010559662090813094
17 0.3309580364212193 0.1119324181626188 0.019002375296912115 0.004223864836325237
13 0.25415676959619954 0.11087645195353749 0.021377672209026127 0.007391763463569166
18 0.2494061757719715 0.1119324181626188 0.021377672209026127 0.006335797254487857
18 0.25415676959619954 0.15205913410770855 0.02058590657165479 0.005279831045406547
17 0.2034837688044339 0.17106652587117213 0.009501187648456057 0.0031678986272439284
15 0.23198733174980204 0.17212249208025343 0.043547110055423596 0.02006335797254488
15 0.23119556611243072 0.17423442449841606 0.04513064133016627 0.023231256599788808
2 0.25494853523357086 0.23442449841605068 0.030878859857482184 0.03801478352692714
0 0.22169437846397466 0.249208025343189 0.018210609659540775 0.01900739176346357
0 0.21694378463974665 0.2703273495248152 0.023752969121140142 0.022175290390707498
18 0.011084718923198733 0.2925026399155227 0.022169437846397466 0.007391763463569166
0 0.022961203483768806 0.293558606124604 0.04671417260490895 0.03590285110876452
0 0.38796516231195566 0.0675818373812038 0.00791765637371338 0.012671594508975714
13 0.388756927949327 0.07391763463569166 0.013460015835312747 0.0021119324181626186
0 0.38717339667458434 0.0675818373812038 0.011084718923198733 0.01583949313621964
13 0.3950910530482977 0.07602956705385427 0.01741884402216944 0.005279831045406547
18 0.38796516231195566 0.0781414994720169 0.010292953285827395 0.005279831045406547
18 0.3594615993665875 0.08658922914466737 0.000791765637371338 0.0010559662090813093
15 0.36262866191607285 0.0908130939809926 0.00395882818685669 0.0031678986272439284
18 0.3428345209817894 0.09292502639915523 0.00791765637371338 0.0021119324181626186
2 0.34679334916864607 0.0897571277719113 0.0023752969121140144 0.012671594508975714
19 0.29453681710213775 0.05385427666314678 0.0498812351543943 0.0908130939809926
2 0.35312747426761676 0.0908130939809926 0.012668250197941409 0.01900739176346357
18 0.342042755344418 0.09926082365364308 0.006334125098970704 0.005279831045406547
17 0.3333333333333333 0.11087645195353749 0.01741884402216944 0.004223864836325237
16 0.33650039588281866 0.10982048574445617 0.019002375296912115 0.009503695881731784
19 0.45447347585114806 0.0675818373812038 0.055423594615993665 0.10137275607180571
2 0.2604908946951702 0.1351636747624076 0.014251781472684086 0.030623020063357972
2 0.2501979414093428 0.13093980992608237 0.019002375296912115 0.04118268215417107
19 0.22486144101346 0.09292502639915523 0.10292953285827396 0.11826821541710665
0 0.25257323832145684 0.1573389651531151 0.023752969121140142 0.010559662090813094
13 0.2042755344418052 0.17212249208025343 0.012668250197941409 0.007391763463569166
0 0.22327790973871733 0.17529039070749736 0.0332541567695962 0.01583949313621964
0 0.2209026128266033 0.17529039070749736 0.03246239113222486 0.01689545934530095
2 0.1892319873317498 0.17423442449841606 0.018210609659540775 0.027455121436114043
19 0.36342042755344417 0.13093980992608237 0.07600950118764846 0.13199577613516367
0 0.1892319873317498 0.18690601900739176 0.011876484560570071 0.026399155227032733
2 0.3079968329374505 0.191129883843717 0.015043547110055424 0.022175290390707498
2 0.1623119556611243 0.19640971488912354 0.022169437846397466 0.03695881731784583
2 0.1417260490894695 0.20274551214361142 0.035629453681710214 0.05279831045406547
19 0.040380047505938245 0.16473072861668428 0.08076009501187649 0.13621964097148892
13 0.13064133016627077 0.23125659978880675 0.030087094220110848 0.006335797254487857
19 0.2620744259699129 0.2006335797254488 0.10134600158353127 0.16367476240760295
13 0.01583531274742676 0.2967265047518479 0.02929532858273951 0.009503695881731784
13 0.00870942201108472 0.31045406546990495 0.01741884402216944 0.010559662090813094
0 0.01583531274742676 0.3041182682154171 0.03167062549485352 0.024287222808870117
19 0.5114806017418844 0.23125659978880675 0.11322248614410134 0.191129883843717
2 0.11955661124307206 0.31890179514255546 0.035629453681710214 0.0337909186906019
12 0.56215360253365 0.3199577613516367 0.052256532066508314 0.14889123548046462
19 0.78701504354711 0.293558606124604 0.09422011084718923 0.22175290390707497
19 0.1250989707046714 0.44878563885955647 0.15914489311163896 0.2565997888067582
11 0.5384006334125099 0.5417106652587117 0.12351543942992874 0.08130939809926083
10 0.7133808392715756 0.4910242872228089 0.22486144101346 0.4382259767687434
19 0.8962787015043547 0.5480464625131996 0.20744259699129058 0.4276663146779303
