17 0.5558194774346793 0.44878563885955647 0.006334125098970704 0.0031678986272439284
0 0.5083135391923991 0.457233368532207 0.009501187648456057 0.0021119324181626186
2 0.5415676959619953 0.4498416050686378 0.021377672209026127 0.021119324181626188
18 0.45368171021377673 0.457233368532207 0.026920031670625493 0.006335797254487857
13 0.4592240696753761 0.457233368532207 0.025336500395882817 0.008447729672650475
2 0.47268408551068886 0.4635691657866948 0.014251781472684086 0.013727560718057022
16 0.517814726840855 0.4677930306230201 0.022169437846397466 0.011615628299894404
17 0.5114806017418844 0.4720168954593453 0.022169437846397466 0.005279831045406547
18 0.4584323040380047 0.49947201689545934 0.028503562945368172 0.005279831045406547
17 0.42042755344418054 0.5142555438225976 0.0023752969121140144 0.004223864836325237
15 0.4513064133016627 0.5163674762407603 0.053840063341250986 0.01900739176346357
15 0.4489311163895487 0.518479408658923 0.056215360253365 0.024287222808870117
2 0.49406175771971494 0.5839493136219641 0.04196357878068092 0.0454065469904963
0 0.4505146476642914 0.600844772967265 0.018210609659540775 0.022175290390707498
0 0.4584323040380047 0.6251319957761352 0.0332541567695962 0.028511087645195353
18 0.222486144101346 0.6378035902851109 0.0498812351543943 0.011615628299894404
0 0.22327790973871733 0.6388595564941922 0.1021377672209026 0.04751847940865892
15 0.026920031670625493 0.8004223864836325 0.05463182897862233 0.029567053854276663
0 0.5455265241488519 0.43611404435058077 0.006334125098970704 0.005279831045406547
13 0.5581947743467933 0.44878563885955647 0.0055423594615993665 0.004223864836325237
19 0.44813935075217737 0.42133051742344246 0.053840063341250986 0.07286166842661035
15 0.5344418052256532 0.4593453009503696 0.006334125098970704 0.0010559662090813093
18 0.5083135391923991 0.4593453009503696 0.011876484560570071 0.0031678986272439284
2 0.5170229612034838 0.4593453009503696 0.004750593824228029 0.005279831045406547
2 0.5249406175771971 0.4593453009503696 0.011876484560570071 0.009503695881731784
18 0.5114806017418844 0.4635691657866948 0.011876484560570071 0.004223864836325237
17 0.5083135391923991 0.470960929250264 0.013460015835312747 0.004223864836325237
16 0.5170229612034838 0.4699049630411827 0.022169437846397466 0.008447729672650475
19 0.6262866191607285 0.4371700105596621 0.056215360253365 0.09714889123548047
2 0.4663499604117181 0.4815205913410771 0.01741884402216944 0.03273495248152059
2 0.45288994457640536 0.47940865892291445 0.023752969121140142 0.044350580781414996
18 0.4766429136975455 0.49947201689545934 0.004750593824228029 0.011615628299894404
0 0.4592240696753761 0.5036958817317846 0.028503562945368172 0.010559662090813094
19 0.41488519398258117 0.44667370644139387 0.1187648456057007 0.12565997888067582
13 0.42042755344418054 0.515311510031679 0.003167062549485352 0.007391763463569166
0 0.4346793349168646 0.5195353748680043 0.03246239113222486 0.013727560718057022
0 0.4330958036421219 0.518479408658923 0.03167062549485352 0.01583949313621964
2 0.4006334125098971 0.515311510031679 0.021377672209026127 0.029567053854276663
0 0.41250989707046715 0.5258711721224921 0.015043547110055424 0.030623020063357972
19 0.5946159936658749 0.47729672650475186 0.08234362628661916 0.14255543822597677
2 0.39429928741092635 0.5332629355860612 0.010292953285827395 0.044350580781414996
2 0.5138558986539984 0.542766631467793 0.026920031670625493 0.028511087645195353
2 0.3745051464766429 0.5353748680042238 0.03167062549485352 0.0665258711721225
13 0.3570863024544735 0.5712777191129884 0.04196357878068092 0.006335797254487857
19 0.21852731591448932 0.5026399155227033 0.1060965954077593 0.16473072861668428
19 0.9049881235154394 0.5300950369588173 0.19002375296912113 0.2016895459345301
19 0.5510688836104513 0.5343189017951425 0.1187648456057007 0.20591341077085534
13 0.23594615993665874 0.6462513199577613 0.04829770387965162 0.011615628299894404
13 0.22169437846397466 0.6578669482576558 0.050673000791765635 0.022175290390707498
0 0.2288202692003167 0.6578669482576558 0.06809184481393507 0.04118268215417107
2 0.3618368962787015 0.6842661034846885 0.047505938242280284 0.048574445617740235
2 0.025336500395882817 0.7497360084477297 0.050673000791765635 0.07497360084477296
13 0.014251781472684086 0.8120380147835269 0.02929532858273951 0.010559662090813094
17 0.007125890736342043 0.8162618796198522 0.014251781472684086 0.01795142555438226
2 0.001583531274742676 0.8183738120380147 0.003167062549485352 0.02006335797254488
19 0.8202692003167062 0.8067581837381204 0.3594615993665875 0.3864836325237592
19 0.13539192399049882 0.53220696937698 0.27157561361836896 0.9355860612460402
