3 0.9548693586698337 0.33051742344244983 0.09026128266033254 0.09503695881731784
21 0.6856690419635788 0.36958817317845827 0.07442596991290577 0.0665258711721225
23 0.7125890736342043 0.36747624076029567 0.11243072050673 0.11721224920802534
3 0.4821852731591449 0.3843717001055966 0.0768012668250198 0.08553326293558607
7 0.6856690419635788 0.43400211193241817 0.09501187648456057 0.06230200633579725
6 0.8535233570863024 0.45406546990496305 0.2929532858273951 0.18690601900739176
19 0.007125890736342043 0.5638859556494192 0.015043547110055424 0.03273495248152059
19 0.009501187648456057 0.8764519535374868 0.01979414093428345 0.06019007391763464
19 0.33016627078384797 0.856388595564942 0.14330958036421218 0.28722280887011614
10 0.17814726840855108 0.9672650475184794 0.19081551860649248 0.06441393875395987
12 0.027711797307996833 0.9535374868004224 0.055423594615993665 0.09186906019007392
