18 0.4156769596199525 0.146779303062302 0.0332541567695962 0.006335797254487857
18 0.3586698337292161 0.14783526927138332 0.050673000791765635 0.010559662090813094
13 0.3673792557403009 0.14889123548046462 0.04513064133016627 0.012671594508975714
2 0.4433887569279493 0.16473072861668428 0.02454473475851148 0.03273495248152059
16 0.4251781472684085 0.18585005279831046 0.034045922406967535 0.01583949313621964
17 0.4172604908946952 0.19429778247096094 0.034045922406967535 0.006335797254487857
18 0.3745051464766429 0.22280887011615627 0.05146476642913698 0.009503695881731784
15 0.39667458432304037 0.24498416050686378 0.09263657957244656 0.024287222808870117
15 0.39588281868566905 0.25237592397043296 0.09184481393507522 0.027455121436114043
2 0.5003958828186856 0.3579725448785639 0.06730007917656373 0.08553326293558607
14 0.07838479809976247 0.3991552270327349 0.014251781472684086 0.009503695881731784
0 0.43942992874109266 0.39809926082365366 0.03246239113222486 0.0454065469904963
0 0.4829770387965162 0.44456177402323127 0.06809184481393507 0.0559662090813094
0 0.050673000791765635 0.6684266103484688 0.1021377672209026 0.22280887011615627
13 0.4552652414885194 0.1700105596620908 0.001583531274742676 0.006335797254487857
15 0.4346793349168646 0.1816261879619852 0.0055423594615993665 0.0021119324181626186
2 0.4101346001583531 0.16578669482576558 0.009501187648456057 0.0337909186906019
18 0.40300870942201106 0.1805702217529039 0.006334125098970704 0.005279831045406547
2 0.42280285035629456 0.1678986272439282 0.01979414093428345 0.03590285110876452
18 0.40459224069675376 0.18479408658922913 0.00791765637371338 0.006335797254487857
19 0.2850356294536817 0.1341077085533263 0.08076009501187649 0.11932418162618796
16 0.4235946159936659 0.1890179514255544 0.034045922406967535 0.011615628299894404
17 0.41884402216943784 0.1921858500527983 0.03483768804433888 0.006335797254487857
19 0.55027711797308 0.1446673706441394 0.07600950118764846 0.14149947201689547
19 0.26524148851939827 0.12143611404435058 0.21377672209026127 0.191129883843717
2 0.38638163103721296 0.1900739176346357 0.030087094220110848 0.059134107708553325
2 0.3578780680918448 0.18796198521647306 0.0395882818685669 0.0791974656810982
18 0.4053840063341251 0.22597676874340022 0.011084718923198733 0.014783526927138331
0 0.3737133808392716 0.23231256599788808 0.040380047505938245 0.010559662090813094
13 0.3333333333333333 0.25237592397043296 0.000791765637371338 0.0021119324181626186
0 0.3642121931908155 0.2565997888067582 0.01741884402216944 0.011615628299894404
0 0.35629453681710216 0.2587117212249208 0.04433887569279493 0.009503695881731784
0 0.3436262866191607 0.2576557550158395 0.022961203483768806 0.06230200633579725
19 0.5946159936658749 0.17106652587117213 0.13143309580364212 0.23970432946145723
2 0.3333333333333333 0.26504751847940866 0.00791765637371338 0.08447729672650475
2 0.47030878859857483 0.2914466737064414 0.043547110055423596 0.04329461457233368
2 0.2953285827395091 0.2692713833157339 0.08392715756136183 0.15417106652587118
13 0.2684085510688836 0.3526927138331573 0.1060965954077593 0.007391763463569166
19 0.6927949326999209 0.2249208025343189 0.25494853523357086 0.44878563885955647
13 0.0332541567695962 0.6969376979936642 0.0665083135391924 0.03590285110876452
2 0.3768804433887569 0.6515311510031679 0.12430720506730007 0.15205913410770855
0 0.03721298495645289 0.7085533262935586 0.07442596991290577 0.14044350580781415
13 0.00870942201108472 0.8183738120380147 0.01741884402216944 0.0675818373812038
