3 0.9564528899445764 0.24287222808870115 0.08709422011084719 0.09503695881731784
21 0.6927949326999209 0.28299894403379094 0.07521773555027712 0.06863780359028511
23 0.7078384798099763 0.2819429778247096 0.11559778305621536 0.12038014783526928
3 0.4766429136975455 0.29989440337909185 0.0791765637371338 0.08870116156282999
7 0.6920031670625495 0.3484688489968321 0.09659540775930324 0.06230200633579725
6 0.8638163103721298 0.36642027455121434 0.27157561361836896 0.18585005279831046
19 0.001583531274742676 0.4783526927138332 0.00395882818685669 0.012671594508975714
19 0.3832145684877276 0.7835269271383316 0.12034837688044339 0.3125659978880676
19 0.034045922406967535 0.8014783526927138 0.0688836104513064 0.29567053854276665
10 0.2557403008709422 0.9197465681098205 0.2414885193982581 0.15945089757127773
12 0.06334125098970704 0.91129883843717 0.1250989707046714 0.17634635691657866
