3 0.950910530482977 0.29039070749736007 0.09817893903404593 0.09292502639915523
21 0.6935866983372921 0.3262935586061246 0.07046714172604909 0.06335797254487856
23 0.7110055423594616 0.32101372756071805 0.110055423594616 0.11510031678986272
3 0.4901029295328583 0.33896515311510034 0.07521773555027712 0.08447729672650475
7 0.6935866983372921 0.38753959873284055 0.09105304829770387 0.059134107708553325
6 0.8614410134600158 0.40760295670538543 0.2771179730799683 0.1700105596620908
19 0.022961203483768806 0.5374868004223865 0.04592240696753761 0.10770855332629356
19 0.40459224069675376 0.7856388595564942 0.10530482977038796 0.2840549102428722
19 0.060174188440221696 0.795142555438226 0.12114014251781473 0.2692713833157339
19 0.49564528899445764 0.986272439281943 0.056215360253365 0.026399155227032733
10 0.3008709422011085 0.9134107708553326 0.22565320665083136 0.17317845828933473
12 0.12114014251781473 0.9060190073917634 0.10134600158353127 0.18796198521647306
