2 0.6912114014251781 0.4963041182682154 0.04433887569279493 0.03484688489968321
13 0.5866983372921615 0.4952481520591341 0.04275534441805225 0.048574445617740235
15 0.6001583531274742 0.515311510031679 0.10134600158353127 0.024287222808870117
2 0.569279493269992 0.5913410770855333 0.034045922406967535 0.01689545934530095
14 0.8107680126682502 0.7243928194297783 0.12034837688044339 0.0781414994720169
18 0.5795724465558195 0.7455121436114044 0.022961203483768806 0.03907074973600845
0 0.552652414885194 0.6673706441393875 0.28028503562945367 0.26504751847940866
19 0.026128266033254157 0.42555438225976766 0.034045922406967535 0.022175290390707498
2 0.6128266033254157 0.4836325237592397 0.03721298495645289 0.050686378035902854
2 0.6524148851939826 0.48785638859556496 0.03246239113222486 0.0559662090813094
17 0.6484560570071259 0.5174234424498416 0.004750593824228029 0.011615628299894404
2 0.6120348376880443 0.4952481520591341 0.04513064133016627 0.0559662090813094
13 0.6215360253365004 0.5258711721224921 0.04275534441805225 0.006335797254487857
0 0.604117181314331 0.5121436114044351 0.05146476642913698 0.04012671594508976
19 0.5217735550277118 0.35691657866948256 0.1702296120348377 0.37486800422386485
10 0.04275534441805225 0.4941921858500528 0.06492478226444973 0.1235480464625132
19 0.28186856690419637 0.4677930306230201 0.11797307996832937 0.19640971488912354
11 0.043547110055423596 0.5554382259767687 0.06413301662707839 0.03907074973600845
13 0.4615993665874901 0.5828933474128828 0.06175771971496437 0.028511087645195353
2 0.006334125098970704 0.498416050686378 0.013460015835312747 0.27243928194297784
13 0.06809184481393507 0.6272439281942978 0.13143309580364212 0.03801478352692714
19 0.8281868566904196 0.34213305174234426 0.27949326999208235 0.6853220696937699
2 0.2668250197941409 0.7191129883843717 0.08076009501187649 0.03167898627243928
13 0.6476642913697546 0.737064413938754 0.028503562945368172 0.03695881731784583
0 0.599366587490103 0.7518479408658922 0.11322248614410134 0.09503695881731784
