18 0.5162311955661124 0.4371700105596621 0.01583531274742676 0.0031678986272439284
0 0.505938242280285 0.4508975712777191 0.009501187648456057 0.011615628299894404
18 0.46080760095011875 0.4551214361140444 0.030087094220110848 0.006335797254487857
2 0.5415676959619953 0.4551214361140444 0.02058590657165479 0.007391763463569166
13 0.4663499604117181 0.4551214361140444 0.027711797307996833 0.008447729672650475
16 0.5201900237529691 0.4656810982048574 0.023752969121140142 0.011615628299894404
17 0.5138558986539984 0.470960929250264 0.023752969121140142 0.005279831045406547
18 0.4663499604117181 0.5005279831045406 0.03167062549485352 0.005279831045406547
17 0.4323040380047506 0.5142555438225976 0.000791765637371338 0.0010559662090813093
15 0.4639746634996041 0.518479408658923 0.05938242280285035 0.02006335797254488
15 0.46318289786223277 0.5205913410770855 0.060174188440221696 0.024287222808870117
14 0.2889944576405384 0.5934530095036958 0.00870942201108472 0.005279831045406547
2 0.5162311955661124 0.5913410770855333 0.04433887569279493 0.04963041182682154
0 0.47110055423594616 0.6114044350580782 0.019002375296912115 0.025343189017951427
0 0.4845605700712589 0.6378035902851109 0.03642121931908155 0.030623020063357972
18 0.2557403008709422 0.6631467793030623 0.022961203483768806 0.013727560718057022
0 0.26920031670625494 0.665258711721225 0.050673000791765635 0.057022175290390706
14 0.056215360253365 0.750791974656811 0.03642121931908155 0.01795142555438226
13 0.05938242280285035 0.7571277719112989 0.034045922406967535 0.027455121436114043
15 0.04433887569279493 0.8933474128827877 0.0894695170229612 0.04329461457233368
19 0.4323040380047506 0.4171066525871172 0.0395882818685669 0.07074973600844774
15 0.5320665083135392 0.457233368532207 0.0023752969121140144 0.0010559662090813093
18 0.5075217735550277 0.457233368532207 0.012668250197941409 0.0031678986272439284
2 0.5162311955661124 0.44878563885955647 0.004750593824228029 0.025343189017951427
2 0.5249406175771971 0.4508975712777191 0.012668250197941409 0.025343189017951427
18 0.5114806017418844 0.4625131995776135 0.012668250197941409 0.004223864836325237
17 0.5114806017418844 0.4699049630411827 0.01583531274742676 0.004223864836325237
16 0.5186064924782264 0.46884899683210135 0.022961203483768806 0.008447729672650475
19 0.6270783847980997 0.43189017951425557 0.05779889152810768 0.09714889123548047
2 0.4742676167854315 0.4815205913410771 0.018210609659540775 0.03484688489968321
2 0.4592240696753761 0.4783526927138332 0.025336500395882817 0.04751847940865892
18 0.4845605700712589 0.5015839493136219 0.0055423594615993665 0.012671594508975714
19 0.41488519398258117 0.44350580781414994 0.12747426761678543 0.13199577613516367
0 0.4655581947743468 0.5058078141499472 0.025336500395882817 0.009503695881731784
0 0.44576405384006335 0.5216473072861668 0.03246239113222486 0.01583949313621964
0 0.4505146476642914 0.5216473072861668 0.018210609659540775 0.01689545934530095
2 0.41330166270783847 0.5174234424498416 0.02058590657165479 0.03273495248152059
0 0.4267616785431512 0.5300950369588173 0.015043547110055424 0.03273495248152059
19 0.611243072050673 0.4751847940865892 0.0855106888361045 0.14889123548046462
2 0.5257323832145685 0.545934530095037 0.02929532858273951 0.030623020063357972
2 0.4117181314330958 0.5374868004223865 0.00870942201108472 0.04963041182682154
2 0.3919239904988123 0.5406546990496304 0.034045922406967535 0.07286166842661035
13 0.3745051464766429 0.5807814149947201 0.047505938242280284 0.006335797254487857
19 0.2509897070467142 0.5047518479408659 0.0395882818685669 0.17845828933474128
19 0.5874901029295329 0.5385427666314678 0.12668250197941408 0.22597676874340022
13 0.26365795724465557 0.6747624076029567 0.03800475059382423 0.010559662090813094
19 0.931908155186065 0.5638859556494192 0.13618368962787014 0.2682154171066526
13 0.2581155977830562 0.6937697993664202 0.025336500395882817 0.01689545934530095
0 0.26524148851939827 0.6842661034846885 0.0395882818685669 0.04329461457233368
2 0.391132224861441 0.7096092925026399 0.05304829770387965 0.057022175290390706
0 0.0665083135391924 0.7993664202745512 0.02929532858273951 0.07602956705385427
2 0.028503562945368172 0.8204857444561774 0.057007125890736345 0.09503695881731784
13 0.012668250197941409 0.9060190073917634 0.025336500395882817 0.012671594508975714
17 0.003167062549485352 0.9123548046462513 0.006334125098970704 0.010559662090813094
19 0.997624703087886 0.9915522703273495 0.00395882818685669 0.01689545934530095
19 0.1623119556611243 0.49947201689545934 0.3246239113222486 1.0
