18 0.384006334125099 0.12565997888067582 0.003167062549485352 0.004223864836325237
13 0.42280285035629456 0.12988384371700107 0.014251781472684086 0.0021119324181626186
17 0.4267616785431512 0.13199577613516367 0.018210609659540775 0.0031678986272439284
0 0.40459224069675376 0.13833157338965152 0.025336500395882817 0.006335797254487857
2 0.36975455265241486 0.13938753959873285 0.007125890736342043 0.007391763463569166
2 0.40300870942201106 0.133051742344245 0.025336500395882817 0.022175290390707498
18 0.2589073634204275 0.14994720168954592 0.01979414093428345 0.006335797254487857
13 0.2644497228820269 0.14994720168954592 0.02058590657165479 0.008447729672650475
16 0.36104513064133015 0.15522703273495247 0.02058590657165479 0.011615628299894404
17 0.35391923990498814 0.15945089757127773 0.01741884402216944 0.004223864836325237
18 0.26524148851939827 0.1900739176346357 0.013460015835312747 0.005279831045406547
17 0.20110847189231987 0.20485744456177402 0.011876484560570071 0.0031678986272439284
15 0.22723673792557403 0.20696937697993664 0.03721298495645289 0.02006335797254488
15 0.22802850356294538 0.20908130939809927 0.04196357878068092 0.023231256599788808
2 0.2596991290577989 0.2734952481520591 0.012668250197941409 0.01795142555438226
0 0.2058590657165479 0.2819429778247096 0.021377672209026127 0.01900739176346357
0 0.19239904988123516 0.30095036958817317 0.023752969121140142 0.022175290390707498
3 0.9691211401425178 0.0031678986272439284 0.010292953285827395 0.007391763463569166
0 0.4251781472684085 0.12565997888067582 0.00870942201108472 0.006335797254487857
13 0.4235946159936659 0.12882787750791974 0.0166270783847981 0.0031678986272439284
0 0.4220110847189232 0.12249208025343189 0.011876484560570071 0.01583949313621964
13 0.42992874109263657 0.13093980992608237 0.018210609659540775 0.005279831045406547
18 0.42280285035629456 0.133051742344245 0.011084718923198733 0.005279831045406547
2 0.38638163103721296 0.13093980992608237 0.001583531274742676 0.009503695881731784
18 0.391132224861441 0.13938753959873285 0.000791765637371338 0.0010559662090813093
18 0.37054631828978624 0.14361140443505807 0.00395882818685669 0.0010559662090813093
18 0.36975455265241486 0.14889123548046462 0.0055423594615993665 0.005279831045406547
19 0.3341250989707047 0.10665258711721225 0.0498812351543943 0.0897571277719113
17 0.3570863024544735 0.1583949313621964 0.018210609659540775 0.005279831045406547
16 0.3594615993665875 0.1573389651531151 0.018210609659540775 0.009503695881731784
19 0.48931116389548696 0.11932418162618796 0.057007125890736345 0.09714889123548047
18 0.2826603325415677 0.18690601900739176 0.0055423594615993665 0.004223864836325237
2 0.2668250197941409 0.17317845828933473 0.0166270783847981 0.030623020063357972
2 0.2596991290577989 0.1689545934530095 0.02058590657165479 0.04012671594508976
0 0.27157561361836896 0.1900739176346357 0.0166270783847981 0.005279831045406547
13 0.20110847189231987 0.20696937697993664 0.013460015835312747 0.005279831045406547
19 0.24386381631037213 0.14255543822597677 0.0997624703087886 0.13621964097148892
0 0.21931908155186064 0.20908130939809927 0.03721298495645289 0.014783526927138331
0 0.22169437846397466 0.21013727560718057 0.03800475059382423 0.014783526927138331
2 0.18527315914489312 0.20591341077085534 0.021377672209026127 0.027455121436114043
0 0.17814726840855108 0.21647307286166842 0.013460015835312747 0.026399155227032733
19 0.3721298495645289 0.17212249208025343 0.0791765637371338 0.1351636747624076
2 0.14410134600158353 0.2238648363252376 0.025336500395882817 0.03801478352692714
2 0.3087885985748218 0.23125659978880675 0.02454473475851148 0.025343189017951427
2 0.11955661124307206 0.22597676874340022 0.03642121931908155 0.05385427666314678
13 0.10530482977038796 0.25448785638859556 0.028503562945368172 0.007391763463569166
19 0.0395882818685669 0.1890179514255544 0.07996832937450514 0.13833157338965152
19 0.2367379255740301 0.22914466737064415 0.10530482977038796 0.17317845828933473
2 0.0728424386381631 0.34107708553326294 0.03800475059382423 0.0337909186906019
19 0.4924782264449723 0.2682154171066526 0.10768012668250197 0.22069693769799367
12 0.5320665083135392 0.368532206969377 0.07046714172604909 0.17106652587117213
19 0.8060174188440221 0.34213305174234426 0.12984956452889945 0.26504751847940866
19 0.022169437846397466 0.4699049630411827 0.04433887569279493 0.3051742344244984
11 0.4418052256532066 0.6304118268215417 0.15518606492478226 0.10876451953537487
10 0.6539984164687253 0.6135163674762407 0.2596991290577989 0.6071805702217529
19 0.8709422011084719 0.6874340021119324 0.2573238321456849 0.6240760295670539
