13 0.7529691211401425 0.4593453009503696 0.01583531274742676 0.024287222808870117
0 0.7838479809976246 0.4720168954593453 0.040380047505938245 0.0031678986272439284
15 0.7513855898653998 0.4699049630411827 0.030087094220110848 0.007391763463569166
2 0.6809184481393508 0.5036958817317846 0.021377672209026127 0.026399155227032733
0 0.8068091844813935 0.5395987328405492 0.038796516231195566 0.029567053854276663
0 0.8741092636579573 0.5480464625131996 0.007125890736342043 0.02006335797254488
2 0.8511480601741884 0.5417106652587117 0.052256532066508314 0.059134107708553325
19 0.15043547110055425 0.3801478352692714 0.047505938242280284 0.050686378035902854
2 0.9065716547901821 0.4350580781414995 0.006334125098970704 0.01583949313621964
2 0.885193982581156 0.43611404435058077 0.03642121931908155 0.057022175290390706
2 0.7323832145684878 0.4551214361140444 0.01741884402216944 0.024287222808870117
2 0.7466349960411718 0.4582893347412883 0.022961203483768806 0.022175290390707498
0 0.7593032462391133 0.46462513199577615 0.023752969121140142 0.014783526927138331
17 0.7410926365795725 0.4720168954593453 0.003167062549485352 0.0010559662090813093
13 0.7403008709422011 0.4730728616684266 0.007125890736342043 0.0010559662090813093
13 0.8638163103721298 0.47412882787750793 0.009501187648456057 0.0021119324181626186
13 0.8543151227236738 0.47412882787750793 0.009501187648456057 0.0021119324181626186
19 0.5051464766429137 0.44456177402323127 0.06334125098970704 0.12882787750791974
19 0.6539984164687253 0.40232312565997885 0.08076009501187649 0.23336853220696938
19 0.8376880443388757 0.426610348468849 0.0625494853523357 0.1921858500527983
11 0.3404592240696754 0.5227032734952481 0.000791765637371338 0.0010559662090813093
19 0.7070467141726049 0.4244984160506864 0.13143309580364212 0.22069693769799367
2 0.7719714964370546 0.5227032734952481 0.026920031670625493 0.028511087645195353
10 0.16943784639746634 0.4625131995776135 0.1330166270783848 0.15311510031678988
12 0.26128266033254155 0.47729672650475186 0.06730007917656373 0.14361140443505807
19 0.050673000791765635 0.43400211193241817 0.10134600158353127 0.24076029567053855
19 0.3388756927949327 0.42872228088701164 0.1702296120348377 0.2734952481520591
19 0.88756927949327 0.3780359028511088 0.22406967537608868 0.44667370644139387
