18 0.6437054631828979 0.4825765575501584 0.04196357878068092 0.021119324181626188
17 0.42992874109263657 0.5279831045406547 0.022169437846397466 0.02006335797254488
13 0.37054631828978624 0.53220696937698 0.050673000791765635 0.012671594508975714
2 0.5558194774346793 0.518479408658923 0.056215360253365 0.07497360084477296
0 0.5122723673792557 0.5406546990496304 0.05146476642913698 0.03484688489968321
0 0.49802058590657167 0.5543822597676874 0.05938242280285035 0.042238648363252376
16 0.8392715756136183 0.5723336853220697 0.030878859857482184 0.022175290390707498
17 0.8622327790973872 0.5997888067581837 0.03721298495645289 0.03484688489968321
2 0.03246239113222486 0.6663146779303062 0.04275534441805225 0.07180570221752904
7 0.9960411718131433 0.2819429778247096 0.007125890736342043 0.013727560718057022
23 0.8012668250197942 0.2787750791974657 0.08788598574821853 0.06335797254487856
3 0.7110055423594616 0.27455121436114044 0.05779889152810768 0.08553326293558607
23 0.7980997624703088 0.41816261879619854 0.08788598574821853 0.10454065469904963
19 0.5906571654790183 0.4139387539598733 0.10055423594615993 0.14149947201689547
0 0.3515439429928741 0.5142555438225976 0.03800475059382423 0.03167898627243928
18 0.4386381631037213 0.529039070749736 0.009501187648456057 0.014783526927138331
13 0.36500395882818687 0.5311510031678986 0.04433887569279493 0.010559662090813094
0 0.40459224069675376 0.5100316789862724 0.035629453681710214 0.054910242872228086
13 0.4283452098178939 0.5258711721224921 0.014251781472684086 0.025343189017951427
15 0.4972288202692003 0.5469904963041182 0.12351543942992874 0.023231256599788808
18 0.5106888361045131 0.542766631467793 0.034045922406967535 0.0337909186906019
2 0.6476642913697546 0.529039070749736 0.04671417260490895 0.08870116156282999
2 0.6009501187648456 0.529039070749736 0.04592240696753761 0.08870116156282999
18 0.5581947743467933 0.5659978880675819 0.03246239113222486 0.03273495248152059
18 0.6444972288202692 0.5755015839493136 0.08392715756136183 0.021119324181626188
16 0.8463974663499604 0.5839493136219641 0.056215360253365 0.01795142555438226
17 0.8353127474267616 0.6019007391763463 0.0332541567695962 0.026399155227032733
19 0.10372129849564529 0.5174234424498416 0.20744259699129058 0.4635691657866948
