18 0.9279493269992082 0.3706441393875396 0.0768012668250198 0.010559662090813094
13 0.9184481393507522 0.3717001055966209 0.06334125098970704 0.01689545934530095
13 0.7743467933491687 0.4424498416050686 0.012668250197941409 0.01795142555438226
15 0.7624703087885986 0.4530095036958817 0.05146476642913698 0.009503695881731784
18 0.8788598574821853 0.4582893347412883 0.04513064133016627 0.010559662090813094
17 0.8978622327790974 0.4625131995776135 0.014251781472684086 0.005279831045406547
15 0.8163103721298496 0.457233368532207 0.0855106888361045 0.01583949313621964
15 0.8155186064924782 0.4635691657866948 0.0831353919239905 0.01795142555438226
16 0.9936658749010293 0.4857444561774023 0.011876484560570071 0.010559662090813094
2 0.721298495645289 0.4836325237592397 0.027711797307996833 0.021119324181626188
14 0.897070467141726 0.5068637803590285 0.030087094220110848 0.009503695881731784
18 0.8408551068883611 0.5110876451953538 0.025336500395882817 0.006335797254487857
0 0.8028503562945368 0.4857444561774023 0.08867775138558986 0.06019007391763464
0 0.7608867775138559 0.5163674762407603 0.011876484560570071 0.005279831045406547
0 0.7426761678543151 0.518479408658923 0.000791765637371338 0.004223864836325237
2 0.7197149643705463 0.515311510031679 0.04592240696753761 0.0454065469904963
14 0.9857482185273159 0.5364308342133052 0.027711797307996833 0.008447729672650475
19 0.9984164687252574 0.2565997888067582 0.003167062549485352 0.024287222808870117
19 0.9960411718131433 0.33051742344244983 0.007125890736342043 0.026399155227032733
19 0.2913697545526524 0.3833157338965153 0.022961203483768806 0.030623020063357972
2 0.7632620744259699 0.440337909186906 0.01741884402216944 0.022175290390707498
2 0.7521773555027712 0.44139387539598735 0.006334125098970704 0.021119324181626188
0 0.8258115597783057 0.440337909186906 0.015043547110055424 0.024287222808870117
2 0.8171021377672208 0.43611404435058077 0.026128266033254157 0.03484688489968321
2 0.7727632620744259 0.44350580781414994 0.01741884402216944 0.021119324181626188
2 0.8060174188440221 0.4297782470960929 0.034045922406967535 0.050686378035902854
0 0.7790973871733967 0.44878563885955647 0.01979414093428345 0.012671594508975714
13 0.777513855898654 0.4551214361140444 0.000791765637371338 0.0010559662090813093
2 0.8788598574821853 0.42238648363252373 0.04196357878068092 0.07074973600844774
2 0.8772763262074426 0.44878563885955647 0.04908946951702296 0.03167898627243928
0 0.8669833729216152 0.4625131995776135 0.057007125890736345 0.007391763463569166
0 0.8614410134600158 0.4635691657866948 0.06334125098970704 0.006335797254487857
2 0.9303246239113222 0.42027455121436114 0.05859065716547902 0.09926082365364308
0 0.8812351543942993 0.4656810982048574 0.0498812351543943 0.008447729672650475
18 0.8653998416468726 0.46462513199577615 0.04433887569279493 0.013727560718057022
19 0.16943784639746634 0.41077085533262936 0.14251781472684086 0.1246040126715945
19 0.5486935866983373 0.43294614572333684 0.040380047505938245 0.10770855332629356
16 0.9928741092636579 0.4857444561774023 0.014251781472684086 0.010559662090813094
11 0.3950910530482977 0.4857444561774023 0.05146476642913698 0.023231256599788808
19 0.6959619952494062 0.3928194297782471 0.07996832937450514 0.21013727560718057
10 0.30403800475059384 0.44878563885955647 0.12034837688044339 0.10876451953537487
19 0.8630245447347585 0.382259767687434 0.07759303246239113 0.24604012671594508
19 0.6397466349960411 0.42133051742344246 0.10530482977038796 0.17423442449841606
13 0.850356294536817 0.5089757127771911 0.00870942201108472 0.0021119324181626186
12 0.33650039588281866 0.4604012671594509 0.05304829770387965 0.1003167898627244
2 0.7450514647664291 0.5015839493136219 0.02454473475851148 0.024287222808870117
0 0.8448139350752177 0.5110876451953538 0.01979414093428345 0.009503695881731784
19 0.3642121931908155 0.4276663146779303 0.09738717339667459 0.1900739176346357
19 0.611243072050673 0.40232312565997885 0.17339667458432304 0.29039070749736007
2 0.7688044338875692 0.5438225976768744 0.056215360253365 0.05279831045406547
19 0.12193190815518606 0.7148891235480465 0.24386381631037213 0.5702217529039071
