18 0.9303246239113222 0.36536430834213307 0.0768012668250198 0.009503695881731784
13 0.9192399049881235 0.36642027455121434 0.06413301662707839 0.01583949313621964
13 0.8099762470308789 0.43611404435058077 0.011084718923198733 0.01583949313621964
15 0.7893903404592241 0.44667370644139387 0.030087094220110848 0.007391763463569166
17 0.9026128266033254 0.45617740232312565 0.003167062549485352 0.0010559662090813093
18 0.882818685669042 0.4530095036958817 0.04275534441805225 0.010559662090813094
15 0.8250197941409343 0.4508975712777191 0.07521773555027712 0.013727560718057022
15 0.8250197941409343 0.4582893347412883 0.07205067300079177 0.014783526927138331
17 0.9699129057798892 0.4751847940865892 0.05938242280285035 0.008447729672650475
2 0.7593032462391133 0.47624076029567053 0.02929532858273951 0.024287222808870117
16 0.9604117181314331 0.4720168954593453 0.07838479809976247 0.03590285110876452
0 0.8345209817893904 0.47624076029567053 0.08630245447347586 0.05807814149947202
18 0.8756927949326999 0.5047518479408659 0.00395882818685669 0.0031678986272439284
0 0.7640538400633412 0.5089757127771911 0.0055423594615993665 0.006335797254487857
0 0.7814726840855107 0.5100316789862724 0.013460015835312747 0.006335797254487857
2 0.7387173396674585 0.5068637803590285 0.047505938242280284 0.0454065469904963
6 0.0166270783847981 0.21436114044350582 0.0332541567695962 0.029567053854276663
19 0.9912905779889153 0.23864836325237593 0.0166270783847981 0.13093980992608237
19 0.33808392715756136 0.3790918690601901 0.021377672209026127 0.029567053854276663
19 0.9041963578780681 0.3357972544878564 0.0831353919239905 0.17529039070749736
2 0.8012668250197942 0.43294614572333684 0.018210609659540775 0.023231256599788808
2 0.7909738717339667 0.43294614572333684 0.004750593824228029 0.022175290390707498
0 0.8463974663499604 0.43294614572333684 0.01583531274742676 0.024287222808870117
0 0.8107680126682502 0.440337909186906 0.009501187648456057 0.010559662090813094
2 0.8083927157561361 0.43611404435058077 0.013460015835312747 0.021119324181626188
2 0.8408551068883611 0.4297782470960929 0.026128266033254157 0.03590285110876452
2 0.8321456848772764 0.42238648363252373 0.03483768804433888 0.050686378035902854
2 0.882818685669042 0.41816261879619854 0.04117181314330958 0.06969376979936642
0 0.8551068883610451 0.4551214361140444 0.004750593824228029 0.0031678986272439284
22 0.03721298495645289 0.39493136219640973 0.07442596991290577 0.1235480464625132
2 0.901821060965954 0.440337909186906 0.0055423594615993665 0.03484688489968321
0 0.8756927949326999 0.457233368532207 0.05938242280285035 0.006335797254487857
2 0.931908155186065 0.4149947201689546 0.057007125890736345 0.09820485744456177
0 0.9129057798891528 0.4604012671594509 0.056215360253365 0.007391763463569166
18 0.8669833729216152 0.4593453009503696 0.038796516231195566 0.013727560718057022
19 0.5977830562153602 0.42555438225976766 0.05146476642913698 0.10559662090813093
16 0.9635787806809184 0.4783526927138332 0.07205067300079177 0.01689545934530095
11 0.4323040380047506 0.47624076029567053 0.055423594615993665 0.022175290390707498
17 0.9738717339667459 0.4836325237592397 0.052256532066508314 0.009503695881731784
19 0.7339667458432304 0.3843717001055966 0.0831353919239905 0.21119324181626187
10 0.3491686460807601 0.44139387539598735 0.11559778305621536 0.10348468848996832
19 0.222486144101346 0.42238648363252373 0.13064133016627077 0.15311510031678988
12 0.3745051464766429 0.45195353748680045 0.04829770387965162 0.09609292502639916
19 0.6634996041171813 0.4149947201689546 0.10530482977038796 0.17212249208025343
0 0.8749010292953285 0.5026399155227033 0.001583531274742676 0.0010559662090813093
2 0.7735550277117973 0.4941921858500528 0.02929532858273951 0.024287222808870117
19 0.3990498812351544 0.42027455121436114 0.0894695170229612 0.1805702217529039
19 0.6167854315122724 0.3991552270327349 0.16943784639746634 0.27666314677930304
2 0.7719714964370546 0.5343189017951425 0.056215360253365 0.05174234424498416
19 0.08788598574821853 0.7254487856388595 0.17656373713380838 0.5480464625131996
