18 0.9707046714172605 0.6378035902851109 0.05859065716547902 0.03273495248152059
17 0.8820269200316706 0.6525871172122492 0.00870942201108472 0.005279831045406547
13 0.569279493269992 0.6546990496304118 0.014251781472684086 0.023231256599788808
15 0.7751385589865399 0.6536430834213305 0.24465558194774348 0.03590285110876452
15 0.5518606492478226 0.6705385427666315 0.06334125098970704 0.009503695881731784
15 0.7790973871733967 0.662090813093981 0.24465558194774348 0.050686378035902854
2 0.498812351543943 0.7148891235480465 0.035629453681710214 0.0337909186906019
14 0.7268408551068883 0.7307286166842661 0.026128266033254157 0.01583949313621964
18 0.6714172604908947 0.7529039070749736 0.038796516231195566 0.006335797254487857
0 0.6294536817102138 0.7148891235480465 0.14726840855106887 0.0908130939809926
14 0.9659540775930324 0.7983104540654699 0.06730007917656373 0.01583949313621964
0 0.5969912905779889 0.7930306230200633 0.04275534441805225 0.04118268215417107
2 0.5328582739509106 0.7845828933474129 0.08471892319873317 0.10454065469904963
19 0.26920031670625494 0.5913410770855333 0.09026128266033254 0.07180570221752904
2 0.9714964370546318 0.5364308342133052 0.056215360253365 0.191129883843717
0 0.7149643705463183 0.6282998944033791 0.025336500395882817 0.04012671594508976
2 0.6777513855898654 0.6240760295670539 0.04196357878068092 0.054910242872228086
13 0.8622327790973872 0.6515311510031679 0.014251781472684086 0.009503695881731784
2 0.8218527315914489 0.6293558606124604 0.0934283452098179 0.057022175290390706
18 0.9564528899445764 0.6578669482576558 0.08630245447347586 0.01900739176346357
0 0.9398258115597783 0.6589229144667371 0.0831353919239905 0.01583949313621964
2 0.564528899445764 0.6546990496304118 0.022961203483768806 0.025343189017951427
0 0.8234362628661916 0.6599788806758183 0.07600950118764846 0.01583949313621964
2 0.5352335708630246 0.6546990496304118 0.010292953285827395 0.027455121436114043
0 0.5764053840063341 0.6610348468848997 0.028503562945368172 0.01583949313621964
0 0.8321456848772764 0.662090813093981 0.13618368962787014 0.01583949313621964
2 0.6492478226444972 0.6240760295670539 0.04829770387965162 0.09609292502639916
13 0.6278701504354711 0.6715945089757128 0.00791765637371338 0.0031678986272439284
13 0.5589865399841647 0.6737064413938754 0.023752969121140142 0.0010559662090813093
2 0.5510688836104513 0.6557550158394931 0.021377672209026127 0.03801478352692714
19 0.4615993665874901 0.5923970432946146 0.1021377672209026 0.2840549102428722
19 0.6753760886777513 0.5828933474128828 0.11401425178147269 0.31045406546990495
2 0.5447347585114806 0.7349524815205913 0.038796516231195566 0.026399155227032733
0 0.6959619952494062 0.7465681098204857 0.006334125098970704 0.024287222808870117
19 0.9517022961203484 0.6071805702217529 0.09659540775930324 0.3136219640971489
19 0.37292161520190026 0.6029567053854277 0.19714964370546317 0.33157338965153116
2 0.7664291369754552 0.9123548046462513 0.18527315914489312 0.17423442449841606
19 0.27157561361836896 0.49947201689545934 0.5431512272367379 1.0
