18 0.9683293745051464 0.3115100316789863 0.0625494853523357 0.025343189017951427
2 0.8408551068883611 0.4244984160506864 0.29612034837688045 0.22069693769799367
0 0.838479809976247 0.5258711721224921 0.32304038004750596 0.11404435058078141
17 0.40221694378463974 0.723336853220697 0.46318289786223277 0.18268215417106654
3 0.1726049089469517 0.19535374868004224 0.028503562945368172 0.027455121436114043
6 0.3222486144101346 0.2249208025343189 0.06967537608867776 0.03167898627243928
19 0.9160728424386382 0.30095036958817317 0.09263657957244656 0.03907074973600845
2 0.9730799683293745 0.32840549102428723 0.025336500395882817 0.013727560718057022
19 0.5914489311163895 0.34213305174234426 0.014251781472684086 0.029567053854276663
19 0.7806809184481394 0.29778247096092925 0.18052256532066507 0.1351636747624076
22 0.36975455265241486 0.37486800422386485 0.0395882818685669 0.10242872228088701
11 0.6745843230403801 0.4350580781414995 0.053840063341250986 0.022175290390707498
10 0.5969912905779889 0.4012671594508976 0.11322248614410134 0.09503695881731784
19 0.48614410134600156 0.3833157338965153 0.10372129849564529 0.133051742344245
12 0.6104513064133017 0.41077085533262936 0.050673000791765635 0.08764519535374868
19 0.620744259699129 0.3833157338965153 0.07442596991290577 0.16578669482576558
2 0.9865399841646872 0.42238648363252373 0.026128266033254157 0.21541710665258712
18 0.8915281076801267 0.5279831045406547 0.1995249406175772 0.08342133051742344
19 0.12747426761678543 0.3453009503695882 0.2557403008709422 0.6916578669482577
18 0.6064924782264449 0.675818373812038 0.48535233570863023 0.09292502639915523
15 0.8725257323832145 0.6441393875395988 0.24623911322248615 0.22280887011615627
13 0.3072050673000792 0.7074973600844773 0.5051464766429137 0.18796198521647306
0 0.3578780680918448 0.6071805702217529 0.5748218527315915 0.7602956705385427
