17 0.9358669833729216 0.4551214361140444 0.012668250197941409 0.005279831045406547
15 0.8796516231195566 0.4530095036958817 0.1543942992874109 0.02006335797254488
13 0.6175771971496437 0.4530095036958817 0.01741884402216944 0.023231256599788808
2 0.5914489311163895 0.4677930306230201 0.003167062549485352 0.0010559662090813093
15 0.6033254156769596 0.4656810982048574 0.055423594615993665 0.008447729672650475
15 0.8780680918448139 0.4604012671594509 0.1536025336500396 0.03273495248152059
2 0.5581947743467933 0.5015839493136219 0.0166270783847981 0.027455121436114043
14 0.7632620744259699 0.5195353748680043 0.030087094220110848 0.013727560718057022
0 0.684085510688836 0.49947201689545934 0.12193190815518606 0.06969376979936642
0 0.6413301662707839 0.5395987328405492 0.030087094220110848 0.03167898627243928
2 0.6563737133808393 0.5448785638859557 0.000791765637371338 0.023231256599788808
14 0.9699129057798892 0.5554382259767687 0.060174188440221696 0.011615628299894404
0 0.8044338875692795 0.43189017951425557 0.022169437846397466 0.024287222808870117
13 0.9263657957244655 0.4551214361140444 0.00791765637371338 0.006335797254487857
2 0.8883610451306413 0.4382259767687434 0.06730007917656373 0.04012671594508976
2 0.613618368962787 0.45195353748680045 0.021377672209026127 0.023231256599788808
0 0.6254948535233571 0.457233368532207 0.02454473475851148 0.013727560718057022
18 0.995249406175772 0.46462513199577615 0.004750593824228029 0.0010559662090813093
0 0.9857482185273159 0.4604012671594509 0.028503562945368172 0.009503695881731784
0 0.9184481393507522 0.4614572333685322 0.08788598574821853 0.010559662090813094
0 0.9105304829770388 0.4614572333685322 0.09897070467141726 0.009503695881731784
13 0.6033254156769596 0.4677930306230201 0.011084718923198733 0.0021119324181626186
2 0.6001583531274742 0.45195353748680045 0.01741884402216944 0.03273495248152059
2 0.5827395091053048 0.45406546990496305 0.0166270783847981 0.029567053854276663
12 0.02929532858273951 0.44456177402323127 0.05859065716547902 0.10348468848996832
19 0.35391923990498814 0.43611404435058077 0.07600950118764846 0.14361140443505807
19 0.7125890736342043 0.382259767687434 0.07046714172604909 0.26715945089757126
19 0.5201900237529691 0.3917634635691658 0.0855106888361045 0.25237592397043296
13 0.7403008709422011 0.5248152059134108 0.009501187648456057 0.0031678986272439284
11 0.11480601741884403 0.5121436114044351 0.07838479809976247 0.03695881731784583
19 0.9699129057798892 0.4149947201689546 0.060174188440221696 0.23864836325237593
0 0.7410926365795725 0.529039070749736 0.0055423594615993665 0.010559662090813094
2 0.6254948535233571 0.5216473072861668 0.028503562945368172 0.03167898627243928
19 0.5344418052256532 0.40971488912354803 0.14489311163895488 0.25448785638859556
19 0.08471892319873317 0.4118268215417107 0.16943784639746634 0.34424498416050686
19 0.6959619952494062 0.3167898627243928 0.33808392715756136 0.6304118268215417
2 0.9081551860649247 0.5955649419218585 0.11163895486935867 0.08870116156282999
