18 0.5288994457640538 0.3790918690601901 0.02454473475851148 0.005279831045406547
17 0.5613618368962787 0.3907074973600845 0.001583531274742676 0.0031678986272439284
0 0.5122723673792557 0.39493136219640973 0.010292953285827395 0.011615628299894404
13 0.49643705463182897 0.3991552270327349 0.006334125098970704 0.005279831045406547
18 0.4845605700712589 0.39809926082365366 0.02058590657165479 0.007391763463569166
2 0.5510688836104513 0.3907074973600845 0.02058590657165479 0.024287222808870117
16 0.5320665083135392 0.41077085533262936 0.02454473475851148 0.011615628299894404
17 0.5257323832145685 0.4149947201689546 0.025336500395882817 0.005279831045406547
18 0.4885193982581156 0.4477296726504752 0.027711797307996833 0.006335797254487857
15 0.498812351543943 0.4677930306230201 0.047505938242280284 0.01900739176346357
15 0.49802058590657167 0.4720168954593453 0.04671417260490895 0.021119324181626188
2 0.5518606492478226 0.5448785638859557 0.04592240696753761 0.05385427666314678
0 0.5067300079176563 0.5670538542766631 0.02058590657165479 0.028511087645195353
0 0.5257323832145685 0.5976768743400211 0.040380047505938245 0.0337909186906019
14 0.07363420427553444 0.7317845828933475 0.06967537608867776 0.03907074973600845
13 0.11718131433095803 0.7983104540654699 0.10055423594615993 0.08447729672650475
15 0.09105304829770387 0.9598732840549102 0.171021377672209 0.059134107708553325
19 0.4829770387965162 0.34318901795142553 0.01979414093428345 0.0559662090813094
0 0.5471100554235946 0.3759239704329461 0.007125890736342043 0.005279831045406547
13 0.5629453681710214 0.38965153115100315 0.00395882818685669 0.005279831045406547
15 0.5407759303246239 0.4012671594508976 0.000791765637371338 0.0010559662090813093
18 0.5146476642913698 0.4012671594508976 0.013460015835312747 0.0031678986272439284
2 0.5249406175771971 0.3917634635691658 0.006334125098970704 0.025343189017951427
2 0.5344418052256532 0.3938753959873284 0.014251781472684086 0.026399155227032733
18 0.5201900237529691 0.4065469904963041 0.01583531274742676 0.004223864836325237
17 0.5217735550277118 0.4139387539598733 0.014251781472684086 0.0031678986272439284
16 0.5312747426761678 0.41288278775079196 0.025336500395882817 0.009503695881731784
19 0.6389548693586699 0.3759239704329461 0.06096595407759303 0.10665258711721225
2 0.49406175771971494 0.426610348468849 0.01979414093428345 0.03801478352692714
19 0.9691211401425178 0.4160506863780359 0.06096595407759303 0.0665258711721225
2 0.4821852731591449 0.4244984160506864 0.0166270783847981 0.050686378035902854
18 0.505938242280285 0.4477296726504752 0.006334125098970704 0.013727560718057022
0 0.4901029295328583 0.45406546990496305 0.015043547110055424 0.008447729672650475
0 0.4782264449722882 0.4699049630411827 0.007125890736342043 0.01689545934530095
0 0.4806017418844022 0.470960929250264 0.009501187648456057 0.01689545934530095
19 0.16389548693586697 0.4477296726504752 0.034045922406967535 0.08236536430834214
19 0.6413301662707839 0.4192185850052798 0.09184481393507522 0.16050686378035903
2 0.5494853523357086 0.4952481520591341 0.03167062549485352 0.03167898627243928
19 0.6444972288202692 0.4857444561774023 0.1417260490894695 0.2481520591341077
0 0.11084718923198733 0.82259767687434 0.057007125890736345 0.10454065469904963
2 0.04592240696753761 0.8680042238648363 0.09184481393507522 0.14255543822597677
13 0.03800475059382423 0.9778247096092925 0.04592240696753761 0.014783526927138331
19 0.3095803642121932 0.49947201689545934 0.3404592240696754 1.0
17 0.02454473475851148 0.9873284054910243 0.026920031670625493 0.025343189017951427
2 0.009501187648456057 0.9524815205913411 0.01979414093428345 0.09398099260823653
