18 0.6571654790182107 0.5100316789862724 0.05146476642913698 0.01583949313621964
13 0.46951702296120346 0.5438225976768744 0.043547110055423596 0.007391763463569166
17 0.5162311955661124 0.542766631467793 0.026128266033254157 0.01583949313621964
2 0.6120348376880443 0.5385427666314678 0.0688836104513064 0.059134107708553325
0 0.56215360253365 0.5586061246040127 0.04829770387965162 0.025343189017951427
0 0.5399841646872525 0.5638859556494192 0.047505938242280284 0.03484688489968321
16 0.8163103721298496 0.5976768743400211 0.052256532066508314 0.023231256599788808
17 0.8266033254156769 0.6230200633579726 0.060174188440221696 0.025343189017951427
2 0.21852731591448932 0.6240760295670539 0.009501187648456057 0.03801478352692714
23 0.9849564528899446 0.29039070749736007 0.030087094220110848 0.07286166842661035
3 0.8978622327790974 0.293558606124604 0.07521773555027712 0.09186906019007392
23 0.9714964370546318 0.44561774023231254 0.013460015835312747 0.11615628299894404
0 0.4568487727632621 0.529039070749736 0.02929532858273951 0.027455121436114043
13 0.5170229612034838 0.5374868004223865 0.01979414093428345 0.012671594508975714
13 0.4679334916864608 0.542766631467793 0.04275534441805225 0.007391763463569166
18 0.5225653206650831 0.5438225976768744 0.009501187648456057 0.012671594508975714
0 0.49406175771971494 0.5269271383315733 0.02929532858273951 0.0454065469904963
18 0.5700712589073634 0.5543822597676874 0.01979414093428345 0.01689545934530095
15 0.552652414885194 0.5607180570221753 0.08630245447347586 0.023231256599788808
19 0.6848772763262074 0.48468848996832103 0.10372129849564529 0.2006335797254488
2 0.6254948535233571 0.5480464625131996 0.03800475059382423 0.07497360084477296
2 0.6658749010292954 0.5501583949313622 0.0395882818685669 0.07286166842661035
18 0.5859065716547902 0.5776135163674763 0.040380047505938245 0.023231256599788808
18 0.6500395882818686 0.590285110876452 0.07521773555027712 0.014783526927138331
16 0.8210609659540776 0.6061246040126715 0.07046714172604909 0.01795142555438226
17 0.8060174188440221 0.6209081309398099 0.055423594615993665 0.02006335797254488
19 0.23198733174980204 0.5195353748680043 0.19081551860649248 0.3093980992608237
19 0.9809976247030879 0.662090813093981 0.03721298495645289 0.675818373812038
