18 0.9865399841646872 0.44350580781414994 0.026128266033254157 0.02006335797254488
17 0.9049881235154394 0.45195353748680045 0.011084718923198733 0.004223864836325237
15 0.8353127474267616 0.4508975712777191 0.1828978622327791 0.026399155227032733
15 0.557403008709422 0.4635691657866948 0.022169437846397466 0.007391763463569166
15 0.8353127474267616 0.4582893347412883 0.17656373713380838 0.03484688489968321
2 0.5233570863024545 0.5005279831045406 0.030878859857482184 0.028511087645195353
14 0.7371338083927158 0.5174234424498416 0.03167062549485352 0.021119324181626188
18 0.6896278701504355 0.529039070749736 0.0332541567695962 0.006335797254487857
0 0.6896278701504355 0.5300950369588173 0.05304829770387965 0.010559662090813094
14 0.948535233570863 0.5586061246040127 0.07046714172604909 0.012671594508975714
2 0.6587490102929533 0.5469904963041182 0.00791765637371338 0.03907074973600845
0 0.6714172604908947 0.5554382259767687 0.03246239113222486 0.029567053854276663
2 0.7070467141726049 0.40021119324181625 0.026128266033254157 0.025343189017951427
2 0.9889152810768013 0.3812038014783527 0.021377672209026127 0.11615628299894404
0 0.768012668250198 0.43189017951425557 0.022961203483768806 0.0337909186906019
13 0.8939034045922407 0.4508975712777191 0.00870942201108472 0.006335797254487857
2 0.8558986539984165 0.43294614572333684 0.07046714172604909 0.04118268215417107
2 0.5684877276326208 0.44667370644139387 0.009501187648456057 0.026399155227032733
18 0.9794140934283452 0.4593453009503696 0.040380047505938245 0.004223864836325237
2 0.5558194774346793 0.44878563885955647 0.015043547110055424 0.024287222808870117
0 0.9683293745051464 0.457233368532207 0.06096595407759303 0.010559662090813094
0 0.885193982581156 0.457233368532207 0.09263657957244656 0.010559662090813094
0 0.8772763262074426 0.4582893347412883 0.10451306413301663 0.010559662090813094
2 0.728424386381631 0.43400211193241817 0.03246239113222486 0.06019007391763464
10 0.0 0.5026399155227033 0.000791765637371338 0.0031678986272439284
19 0.3167062549485352 0.43294614572333684 0.08076009501187649 0.14994720168954592
19 0.684085510688836 0.3790918690601901 0.08709422011084719 0.27560718057022177
19 0.4901029295328583 0.3885955649419219 0.08709422011084719 0.25976768743400214
13 0.7094220110847189 0.5258711721224921 0.015043547110055424 0.0021119324181626186
11 0.05146476642913698 0.5131995776135164 0.10372129849564529 0.03801478352692714
0 0.6943784639746635 0.5248152059134108 0.04196357878068092 0.01900739176346357
19 0.9572446555819477 0.40971488912354803 0.0855106888361045 0.2502639915522703
19 0.46951702296120346 0.41077085533262936 0.1187648456057007 0.2576557550158395
19 0.0395882818685669 0.41288278775079196 0.0791765637371338 0.3368532206969377
19 0.6152019002375297 0.3262935586061246 0.3847980997624703 0.6536430834213305
2 0.8653998416468726 0.6050686378035903 0.11955661124307206 0.09926082365364308
