2 0.5740300870942201 0.7328405491024287 0.011876484560570071 0.023231256599788808
15 0.5795724465558195 0.7529039070749736 0.02058590657165479 0.01900739176346357
2 0.4806017418844022 0.7983104540654699 0.025336500395882817 0.04012671594508976
15 0.5352335708630246 0.9883843717001056 0.07996832937450514 0.023231256599788808
0 0.3246239113222486 0.9831045406546991 0.03246239113222486 0.03273495248152059
19 0.9722882026920031 0.5195353748680043 0.055423594615993665 0.08130939809926083
2 0.569279493269992 0.7391763463569165 0.001583531274742676 0.01689545934530095
17 0.5795724465558195 0.750791974656811 0.000791765637371338 0.0010559662090813093
13 0.5716547901821061 0.7613516367476241 0.001583531274742676 0.0010559662090813093
0 0.5771971496437055 0.7529039070749736 0.011876484560570071 0.025343189017951427
13 0.6294536817102138 0.8004223864836325 0.06730007917656373 0.013727560718057022
19 0.22169437846397466 0.7159450897571278 0.10926365795724466 0.1900739176346357
19 0.6991290577988916 0.6325237592397043 0.1543942992874109 0.3727560718057022
19 0.44813935075217737 0.6578669482576558 0.13064133016627077 0.34318901795142553
2 0.5320665083135392 0.7655755015839493 0.07759303246239113 0.13938753959873285
13 0.5851148060174188 0.8331573389651531 0.030087094220110848 0.012671594508975714
2 0.5384006334125099 0.808870116156283 0.06334125098970704 0.1351636747624076
2 0.4418052256532066 0.8901795142555439 0.03721298495645289 0.054910242872228086
2 0.5961995249406176 0.8764519535374868 0.028503562945368172 0.09186906019007392
0 0.5186064924782264 0.8574445617740233 0.052256532066508314 0.12988384371700107
2 0.7862232779097387 0.9017951425554382 0.4267616785431512 0.19640971488912354
0 0.4932699920823436 0.9936642027455121 0.055423594615993665 0.012671594508975714
0 0.4552652414885194 0.9947201689545935 0.01583531274742676 0.009503695881731784
19 0.12826603325415678 0.7518479408658922 0.2573238321456849 0.4963041182682154
