13 0.47268408551068886 0.5385427666314678 0.040380047505938245 0.006335797254487857
17 0.5138558986539984 0.5374868004223865 0.027711797307996833 0.013727560718057022
2 0.564528899445764 0.5343189017951425 0.0166270783847981 0.050686378035902854
0 0.5486935866983373 0.5533262935586061 0.030087094220110848 0.01900739176346357
0 0.5170229612034838 0.5554382259767687 0.040380047505938245 0.030623020063357972
2 0.24623911322248615 0.6082365364308342 0.000791765637371338 0.006335797254487857
17 0.7323832145684878 0.6124604012671595 0.040380047505938245 0.01583949313621964
3 0.9255740300870943 0.25237592397043296 0.03721298495645289 0.013727560718057022
0 0.46239113222486145 0.5237592397043295 0.025336500395882817 0.024287222808870117
13 0.5154394299287411 0.5332629355860612 0.022169437846397466 0.010559662090813094
13 0.47030878859857483 0.5374868004223865 0.038796516231195566 0.006335797254487857
0 0.4932699920823436 0.5227032734952481 0.027711797307996833 0.04118268215417107
18 0.517814726840855 0.5385427666314678 0.011084718923198733 0.011615628299894404
18 0.547901821060966 0.5491024287222809 0.022169437846397466 0.014783526927138331
15 0.5407759303246239 0.5533262935586061 0.05463182897862233 0.02006335797254488
2 0.5898653998416469 0.5491024287222809 0.0332541567695962 0.054910242872228086
2 0.6239113222486145 0.5596620908130939 0.03483768804433888 0.03695881731784583
18 0.5534441805225653 0.5681098204857444 0.038796516231195566 0.02006335797254488
18 0.6049089469517023 0.5807814149947201 0.06492478226444973 0.012671594508975714
19 0.6777513855898654 0.5765575501583949 0.04433887569279493 0.022175290390707498
16 0.721298495645289 0.5955649419218585 0.02454473475851148 0.013727560718057022
17 0.7228820269200317 0.6082365364308342 0.04592240696753761 0.01583949313621964
19 0.25494853523357086 0.5131995776135164 0.16072842438638163 0.26187961985216474
19 0.7783056215360253 0.617740232312566 0.442596991290578 0.764519535374868
