0 0.13380839271575615 0.05807814149947202 0.011084718923198733 0.01583949313621964
13 0.12984956452889945 0.0665258711721225 0.02058590657165479 0.0031678986272439284
0 0.12430720506730007 0.061246040126715945 0.015043547110055424 0.01900739176346357
18 0.11797307996832937 0.07286166842661035 0.021377672209026127 0.006335797254487857
18 0.08709422011084719 0.08130939809926083 0.018210609659540775 0.005279831045406547
15 0.09026128266033254 0.08130939809926083 0.030087094220110848 0.01689545934530095
18 0.06571654790182106 0.08870116156282999 0.004750593824228029 0.005279831045406547
19 0.02454473475851148 0.046462513199577615 0.04908946951702296 0.09398099260823653
2 0.053840063341250986 0.08025343189017951 0.021377672209026127 0.028511087645195353
2 0.050673000791765635 0.08447729672650475 0.021377672209026127 0.030623020063357972
18 0.038796516231195566 0.09926082365364308 0.004750593824228029 0.006335797254487857
17 0.01741884402216944 0.11510031678986272 0.007125890736342043 0.0031678986272439284
16 0.01583531274742676 0.11404435058078141 0.009501187648456057 0.010559662090813094
19 0.17973079968329375 0.06019007391763464 0.07363420427553444 0.12038014783526928
6 0.9224069675376089 0.07497360084477296 0.15518606492478226 0.14994720168954592
19 0.007125890736342043 0.16050686378035903 0.015043547110055424 0.11087645195353749
19 0.034045922406967535 0.3115100316789863 0.0688836104513064 0.20380147835269272
12 0.01979414093428345 0.395987328405491 0.0395882818685669 0.061246040126715945
19 0.21140142517814728 0.40760295670538543 0.27157561361836896 0.3125659978880676
10 0.07442596991290577 0.600844772967265 0.1496437054631829 0.3843717001055966
