18 0.4908946951702296 0.5892291446673706 0.04513064133016627 0.009503695881731784
13 0.41092636579572445 0.614572333685322 0.00791765637371338 0.0031678986272439284
18 0.7410926365795725 0.6198521647307286 0.09105304829770387 0.01900739176346357
2 0.49564528899445764 0.6092925026399155 0.04671417260490895 0.04012671594508976
13 0.7458432304038005 0.6219640971488912 0.06967537608867776 0.01900739176346357
16 0.557403008709422 0.648363252375924 0.04908946951702296 0.02006335797254488
17 0.5661124307205068 0.6610348468848997 0.026128266033254157 0.006335797254487857
2 0.2620744259699129 0.6599788806758183 0.013460015835312747 0.023231256599788808
18 0.8091844813935075 0.7708553326293559 0.0855106888361045 0.027455121436114043
15 0.9786223277909739 0.8500527983104541 0.04196357878068092 0.01689545934530095
15 0.9794140934283452 0.8595564941921858 0.04117181314330958 0.021119324181626188
3 0.934283452098179 0.3938753959873284 0.08630245447347586 0.08764519535374868
0 0.4386381631037213 0.5892291446673706 0.012668250197941409 0.006335797254487857
2 0.4766429136975455 0.5976768743400211 0.022169437846397466 0.01583949313621964
0 0.41330166270783847 0.604012671594509 0.00870942201108472 0.01583949313621964
13 0.41092636579572445 0.6135163674762407 0.009501187648456057 0.0031678986272439284
2 0.5003958828186856 0.6103484688489969 0.026128266033254157 0.03590285110876452
17 0.5558194774346793 0.6589229144667371 0.022169437846397466 0.0031678986272439284
16 0.5581947743467933 0.6546990496304118 0.052256532066508314 0.014783526927138331
19 0.5977830562153602 0.5797254487856388 0.09422011084718923 0.1678986272439282
19 0.2414885193982581 0.5892291446673706 0.12193190815518606 0.19535374868004224
2 0.8139350752177356 0.7043294614572334 0.07046714172604909 0.11932418162618796
18 0.8226444972288203 0.7634635691657867 0.08630245447347586 0.042238648363252376
2 0.7379255740300871 0.7043294614572334 0.08392715756136183 0.16050686378035903
19 0.9501187648456056 0.6420274551214361 0.09897070467141726 0.3611404435058078
0 0.8210609659540776 0.7909186906019008 0.1536025336500396 0.0665258711721225
0 0.9786223277909739 0.8859556494192186 0.04275534441805225 0.04751847940865892
0 0.9778305621536025 0.8901795142555439 0.043547110055423596 0.05279831045406547
19 0.4338875692794933 0.6694825765575502 0.3752969121140142 0.5100316789862724
