18 0.6872525732383215 0.46884899683210135 0.02929532858273951 0.023231256599788808
17 0.40459224069675376 0.5269271383315733 0.018210609659540775 0.024287222808870117
13 0.33174980205859067 0.5332629355860612 0.05146476642913698 0.01583949313621964
2 0.5740300870942201 0.5121436114044351 0.07363420427553444 0.08553326293558607
0 0.5217735550277118 0.5395987328405492 0.03483768804433888 0.042238648363252376
16 0.9168646080760094 0.5659978880675819 0.047505938242280284 0.025343189017951427
0 0.5186064924782264 0.5564941921858501 0.06967537608867776 0.050686378035902854
17 0.950910530482977 0.5955649419218585 0.021377672209026127 0.042238648363252376
21 0.9152810768012668 0.24287222808870115 0.011876484560570071 0.0559662090813094
3 0.9667458432304038 0.249208025343189 0.06571654790182106 0.061246040126715945
7 0.9192399049881235 0.27560718057022177 0.0665083135391924 0.01583949313621964
23 0.7070467141726049 0.2703273495248152 0.0791765637371338 0.05807814149947202
3 0.6302454473475851 0.26293558606124606 0.05304829770387965 0.08447729672650475
23 0.7054631828978623 0.40865892291446676 0.0791765637371338 0.10137275607180571
19 0.5597783056215361 0.4160506863780359 0.10530482977038796 0.19957761351636746
13 0.40221694378463974 0.518479408658923 0.011084718923198733 0.01795142555438226
0 0.3095803642121932 0.5131995776135164 0.04592240696753761 0.03907074973600845
0 0.3760886777513856 0.5058078141499472 0.04433887569279493 0.06230200633579725
18 0.4164687252573238 0.529039070749736 0.015043547110055424 0.021119324181626188
13 0.32937450514647665 0.53220696937698 0.05304829770387965 0.01583949313621964
15 0.5003958828186856 0.5469904963041182 0.15756136183689629 0.023231256599788808
18 0.517814726840855 0.5417106652587117 0.027711797307996833 0.04012671594508976
2 0.6872525732383215 0.5216473072861668 0.053840063341250986 0.10242872228088701
2 0.6349960411718132 0.5227032734952481 0.052256532066508314 0.10348468848996832
16 0.9216152019002375 0.5786694825765576 0.04117181314330958 0.01900739176346357
18 0.5898653998416469 0.5681098204857444 0.02058590657165479 0.04012671594508976
18 0.6959619952494062 0.5755015839493136 0.0894695170229612 0.027455121436114043
17 0.9192399049881235 0.5997888067581837 0.02058590657165479 0.026399155227032733
19 0.07759303246239113 0.5269271383315733 0.1559778305621536 0.6525871172122492
