18 0.552652414885194 0.3347412882787751 0.026920031670625493 0.004223864836325237
18 0.5201900237529691 0.3505807814149947 0.03721298495645289 0.007391763463569166
13 0.5265241488519399 0.3505807814149947 0.03246239113222486 0.009503695881731784
0 0.5328582739509106 0.3526927138331573 0.00870942201108472 0.012671594508975714
2 0.5748218527315915 0.3474128827877508 0.019002375296912115 0.025343189017951427
16 0.56215360253365 0.36747624076029567 0.026920031670625493 0.013727560718057022
17 0.5597783056215361 0.3738120380147835 0.018210609659540775 0.0031678986272439284
2 0.4663499604117181 0.3706441393875396 0.00870942201108472 0.013727560718057022
18 0.5296912114014252 0.40549102428722283 0.038796516231195566 0.007391763463569166
15 0.5558194774346793 0.4276663146779303 0.05938242280285035 0.02006335797254488
15 0.5558194774346793 0.43294614572333684 0.057007125890736345 0.023231256599788808
14 0.34837688044338877 0.5332629355860612 0.03800475059382423 0.01900739176346357
2 0.6286619160728424 0.515311510031679 0.050673000791765635 0.06230200633579725
0 0.5835312747426762 0.5417106652587117 0.022961203483768806 0.03273495248152059
0 0.6175771971496437 0.5776135163674763 0.04908946951702296 0.03907074973600845
18 0.38004750593824227 0.6473072861668426 0.09817893903404593 0.022175290390707498
0 0.39667458432304037 0.6525871172122492 0.17339667458432304 0.10242872228088701
14 0.10451306413301663 0.7771911298838438 0.09422011084718923 0.05279831045406547
13 0.25415676959619954 0.9450897571277719 0.15201900237529692 0.10982048574445617
0 0.564528899445764 0.3326293558606125 0.007125890736342043 0.0031678986272439284
18 0.5431512272367379 0.3558606124604013 0.000791765637371338 0.0010559662090813093
15 0.5661124307205068 0.3590285110876452 0.0023752969121140144 0.0010559662090813093
18 0.5384006334125099 0.3590285110876452 0.010292953285827395 0.004223864836325237
2 0.5471100554235946 0.3484688489968321 0.00870942201108472 0.027455121436114043
18 0.547901821060966 0.36219640971488914 0.004750593824228029 0.0021119324181626186
2 0.5581947743467933 0.3505807814149947 0.015043547110055424 0.028511087645195353
17 0.555027711797308 0.3717001055966209 0.00870942201108472 0.0010559662090813093
16 0.56215360253365 0.3717001055966209 0.022961203483768806 0.008447729672650475
19 0.440221694378464 0.3262935586061246 0.047505938242280284 0.10454065469904963
19 0.6587490102929533 0.33157338965153116 0.050673000791765635 0.11404435058078141
2 0.5399841646872525 0.382259767687434 0.022169437846397466 0.042238648363252376
2 0.5186064924782264 0.3790918690601901 0.03167062549485352 0.05807814149947202
18 0.552652414885194 0.40760295670538543 0.00870942201108472 0.011615628299894404
0 0.5281076801266825 0.41288278775079196 0.02929532858273951 0.009503695881731784
0 0.5360253365003959 0.43189017951425557 0.004750593824228029 0.01900739176346357
0 0.5304829770387965 0.43083421330517424 0.007125890736342043 0.02006335797254488
2 0.47901821060965954 0.4244984160506864 0.019002375296912115 0.0337909186906019
13 0.47030878859857483 0.4371700105596621 0.00791765637371338 0.008447729672650475
19 0.45209817893903403 0.35480464625131997 0.1536025336500396 0.1900739176346357
0 0.5273159144893111 0.4593453009503696 0.001583531274742676 0.0031678986272439284
19 0.7022961203483769 0.3727560718057022 0.1021377672209026 0.1805702217529039
2 0.6001583531274742 0.4593453009503696 0.034045922406967535 0.03484688489968321
2 0.503562945368171 0.45617740232312565 0.04671417260490895 0.09609292502639916
13 0.48614410134600156 0.5089757127771911 0.06492478226444973 0.007391763463569166
19 0.23594615993665874 0.4139387539598733 0.15993665874901028 0.24181626187961985
19 0.7711797307996833 0.44456177402323127 0.17656373713380838 0.293558606124604
13 0.40221694378463974 0.6599788806758183 0.09184481393507522 0.026399155227032733
13 0.41250989707046715 0.6958817317845829 0.09897070467141726 0.03695881731784583
2 0.5653206650831354 0.6906019007391764 0.0688836104513064 0.08342133051742344
0 0.41963578780680916 0.6958817317845829 0.0768012668250198 0.09398099260823653
0 0.2042755344418052 0.9461457233368532 0.1496437054631829 0.10665258711721225
2 0.17656373713380838 0.9873284054910243 0.08471892319873317 0.024287222808870117
