13 0.7743467933491687 0.4614572333685322 0.01741884402216944 0.021119324181626188
15 0.7490102929532858 0.4720168954593453 0.034045922406967535 0.007391763463569166
15 0.9548693586698337 0.470960929250264 0.0894695170229612 0.01689545934530095
15 0.9564528899445764 0.4783526927138332 0.08709422011084719 0.01795142555438226
2 0.716547901821061 0.5058078141499472 0.01583531274742676 0.025343189017951427
14 0.9200316706254948 0.5227032734952481 0.03246239113222486 0.01900739176346357
18 0.8709422011084719 0.53220696937698 0.034045922406967535 0.006335797254487857
0 0.8376880443388757 0.5058078141499472 0.12034837688044339 0.06546990496304118
0 0.779889152810768 0.5448785638859557 0.00791765637371338 0.011615628299894404
2 0.838479809976247 0.5395987328405492 0.00791765637371338 0.029567053854276663
0 0.8519398258115598 0.5501583949313622 0.026920031670625493 0.023231256599788808
19 0.21298495645288995 0.38753959873284055 0.03642121931908155 0.03907074973600845
2 0.9920823436262867 0.4508975712777191 0.01583531274742676 0.025343189017951427
0 0.9382422802850356 0.45195353748680045 0.02058590657165479 0.030623020063357972
2 0.7569279493269992 0.457233368532207 0.01741884402216944 0.024287222808870117
2 0.770387965162312 0.4604012671594509 0.02058590657165479 0.021119324181626188
2 0.7403008709422011 0.4593453009503696 0.015043547110055424 0.023231256599788808
0 0.7767220902612827 0.46673706441393875 0.012668250197941409 0.014783526927138331
0 0.9968329374505146 0.47412882787750793 0.0055423594615993665 0.004223864836325237
13 0.7672209026128266 0.4751847940865892 0.01979414093428345 0.0021119324181626186
2 0.9041963578780681 0.45195353748680045 0.030878859857482184 0.04963041182682154
2 0.8788598574821853 0.44456177402323127 0.03721298495645289 0.06546990496304118
13 0.885193982581156 0.47729672650475186 0.003167062549485352 0.0010559662090813093
0 0.9897070467141726 0.47729672650475186 0.01979414093428345 0.0031678986272439284
19 0.5336500395882818 0.4477296726504752 0.06175771971496437 0.12143611404435058
19 0.6793349168646081 0.4065469904963041 0.07838479809976247 0.22703273495248152
19 0.8685669041963578 0.39493136219640973 0.08867775138558986 0.25343189017951423
11 0.3681710213776722 0.5089757127771911 0.01979414093428345 0.026399155227032733
13 0.8915281076801267 0.529039070749736 0.01583531274742676 0.004223864836325237
19 0.6769596199524941 0.44350580781414994 0.0831353919239905 0.1816261879619852
10 0.2209026128266033 0.4656810982048574 0.11084718923198733 0.13621964097148892
0 0.8867775138558986 0.53220696937698 0.019002375296912115 0.010559662090813094
2 0.7735550277117973 0.5237592397043295 0.019002375296912115 0.028511087645195353
12 0.2921615201900237 0.4783526927138332 0.05146476642913698 0.12777191129883844
19 0.08155186064924783 0.44139387539598735 0.16389548693586697 0.20908130939809927
19 0.35629453681710216 0.43611404435058077 0.14251781472684086 0.24181626187961985
19 0.8147268408551069 0.38753959873284055 0.24307205067300078 0.4065469904963041
2 0.9738717339667459 0.5776135163674763 0.052256532066508314 0.06546990496304118
