18 0.6429136975455265 0.49208025343189016 0.04592240696753761 0.01795142555438226
13 0.4014251781472684 0.5353748680042238 0.04829770387965162 0.011615628299894404
17 0.45605700712589076 0.5332629355860612 0.023752969121140142 0.01900739176346357
2 0.5676959619952494 0.5258711721224921 0.055423594615993665 0.06969376979936642
0 0.5241488519398259 0.545934530095037 0.052256532066508314 0.03273495248152059
0 0.5067300079176563 0.5575501583949314 0.05463182897862233 0.04012671594508976
16 0.8250197941409343 0.5818373812038015 0.038796516231195566 0.021119324181626188
17 0.8440221694378464 0.6082365364308342 0.04592240696753761 0.03167898627243928
2 0.0997624703087886 0.6473072861668426 0.028503562945368172 0.061246040126715945
23 0.8677751385589866 0.2840549102428722 0.09501187648456057 0.0665258711721225
3 0.7672209026128266 0.28299894403379094 0.0625494853523357 0.08658922914466737
23 0.8638163103721298 0.4276663146779303 0.0958036421219319 0.10770855332629356
0 0.3847980997624703 0.518479408658923 0.034045922406967535 0.030623020063357972
13 0.39825811559778307 0.5343189017951425 0.04671417260490895 0.009503695881731784
18 0.46318289786223277 0.5332629355860612 0.00870942201108472 0.013727560718057022
0 0.43151227236737927 0.515311510031679 0.03246239113222486 0.050686378035902854
13 0.4552652414885194 0.5311510031678986 0.01583531274742676 0.023231256599788808
19 0.6191607284243864 0.4593453009503696 0.10134600158353127 0.20380147835269272
15 0.5114806017418844 0.5512143611404435 0.10926365795724466 0.023231256599788808
18 0.5241488519398259 0.5469904963041182 0.035629453681710214 0.030623020063357972
2 0.6484560570071259 0.5364308342133052 0.04433887569279493 0.08236536430834214
2 0.6033254156769596 0.5353748680042238 0.04275534441805225 0.08342133051742344
18 0.56215360253365 0.5702217529039071 0.03642121931908155 0.029567053854276663
18 0.6397466349960411 0.5797254487856388 0.08155186064924783 0.01795142555438226
16 0.831353919239905 0.5923970432946146 0.06096595407759303 0.01689545934530095
17 0.8186856690419636 0.6082365364308342 0.04117181314330958 0.024287222808870117
19 0.12351543942992874 0.5163674762407603 0.24703087885985747 0.39809926082365366
