18 0.9794140934283452 0.2967265047518479 0.011876484560570071 0.008447729672650475
2 0.8883610451306413 0.4192185850052798 0.22327790973871733 0.24287222808870115
0 0.9121140142517815 0.5100316789862724 0.1749802058590657 0.08342133051742344
17 0.6373713380839272 0.6114044350580782 0.0997624703087886 0.41077085533262936
6 0.2082343626286619 0.2249208025343189 0.07838479809976247 0.03273495248152059
19 0.9200316706254948 0.27455121436114044 0.08076009501187649 0.0781414994720169
19 0.49564528899445764 0.35480464625131997 0.0166270783847981 0.028511087645195353
22 0.23594615993665874 0.368532206969377 0.09026128266033254 0.0908130939809926
19 0.7458432304038005 0.39809926082365366 0.06413301662707839 0.10770855332629356
11 0.5795724465558195 0.4477296726504752 0.052256532066508314 0.022175290390707498
10 0.5027711797307997 0.4149947201689546 0.110055423594616 0.09503695881731784
19 0.391132224861441 0.395987328405491 0.10926365795724466 0.13621964097148892
12 0.5201900237529691 0.42555438225976766 0.04829770387965162 0.08870116156282999
19 0.7965162311955661 0.3885955649419219 0.1187648456057007 0.17740232312565998
19 0.5344418052256532 0.395987328405491 0.0768012668250198 0.1678986272439282
19 0.7078384798099763 0.3780359028511088 0.17181314330958036 0.26715945089757126
18 0.9802058590657166 0.5026399155227033 0.038796516231195566 0.03484688489968321
15 0.934283452098179 0.573389651531151 0.13143309580364212 0.07602956705385427
19 0.0958036421219319 0.4160506863780359 0.19239904988123516 0.7423442449841605
18 0.8463974663499604 0.720168954593453 0.30641330166270786 0.1805702217529039
13 0.6199524940617577 0.6863780359028511 0.025336500395882817 0.27983104540654696
0 0.4117181314330958 0.6684266103484688 0.6349960411718132 0.5438225976768744
