2 0.5748218527315915 0.3220696937697994 0.03483768804433888 0.03167898627243928
13 0.5043547110055424 0.32946145723336856 0.040380047505938245 0.0454065469904963
15 0.5083135391923991 0.3453009503695882 0.10055423594615993 0.023231256599788808
14 0.7102137767220903 0.5089757127771911 0.08234362628661916 0.048574445617740235
18 0.547901821060966 0.542766631467793 0.03483768804433888 0.030623020063357972
0 0.5091053048297703 0.47940865892291445 0.23515439429928742 0.2133051742344245
2 0.5447347585114806 0.31573389651531153 0.025336500395882817 0.050686378035902854
2 0.5186064924782264 0.31573389651531153 0.03246239113222486 0.04963041182682154
17 0.5534441805225653 0.3453009503695882 0.003167062549485352 0.007391763463569166
2 0.5225653206650831 0.3262935586061246 0.03800475059382423 0.05174234424498416
13 0.5304829770387965 0.35374868004223864 0.027711797307996833 0.006335797254487857
0 0.5217735550277118 0.34424498416050686 0.04592240696753761 0.03590285110876452
19 0.1543942992874109 0.29039070749736007 0.1393507521773555 0.21013727560718057
19 0.4220110847189232 0.19957761351636746 0.15756136183689629 0.3991552270327349
13 0.4766429136975455 0.42027455121436114 0.07205067300079177 0.026399155227032733
19 0.7022961203483769 0.2375923970432946 0.19873317498020585 0.4751847940865892
13 0.23990498812351543 0.4825765575501584 0.0997624703087886 0.021119324181626188
2 0.10451306413301663 0.3843717001055966 0.17814726840855108 0.2734952481520591
13 0.5969912905779889 0.5300950369588173 0.03167062549485352 0.026399155227032733
0 0.566904196357878 0.5438225976768744 0.0791765637371338 0.07391763463569166
2 0.02454473475851148 0.4582893347412883 0.0498812351543943 0.2470960929250264
