18 0.4829770387965162 0.6441393875395988 0.04433887569279493 0.008447729672650475
18 0.6801266825019794 0.6663146779303062 0.08709422011084719 0.01900739176346357
13 0.6864608076009501 0.6673706441393875 0.06809184481393507 0.01795142555438226
2 0.5083135391923991 0.665258711721225 0.00870942201108472 0.04118268215417107
16 0.5415676959619953 0.7011615628299894 0.04829770387965162 0.01900739176346357
17 0.5471100554235946 0.7138331573389651 0.03167062549485352 0.008447729672650475
2 0.2684085510688836 0.7138331573389651 0.015043547110055424 0.024287222808870117
18 0.7410926365795725 0.805702217529039 0.0855106888361045 0.024287222808870117
15 0.9049881235154394 0.8965153115100317 0.11797307996832937 0.06335797254487856
15 0.9049881235154394 0.9028511087645196 0.1187648456057007 0.0665258711721225
17 0.9073634204275535 0.9503695881731784 0.06096595407759303 0.09926082365364308
19 0.7300079176563737 0.11298838437170011 0.5399841646872525 0.22703273495248152
3 0.9429928741092637 0.4530095036958817 0.09026128266033254 0.08658922914466737
0 0.440221694378464 0.6462513199577613 0.012668250197941409 0.008447729672650475
2 0.46951702296120346 0.6599788806758183 0.02058590657165479 0.030623020063357972
2 0.4924782264449723 0.6715945089757128 0.025336500395882817 0.048574445617740235
17 0.5376088677751386 0.7106652587117213 0.018210609659540775 0.0031678986272439284
16 0.5415676959619953 0.706441393875396 0.052256532066508314 0.014783526927138331
19 0.6049089469517023 0.6388595564941922 0.07205067300079177 0.16156282998944033
19 0.23990498812351543 0.6451953537486801 0.09817893903404593 0.18690601900739176
2 0.7474267616785432 0.7455121436114044 0.06413301662707839 0.1119324181626188
2 0.6777513855898654 0.7444561774023232 0.0768012668250198 0.15100316789862725
18 0.7577197149643705 0.8014783526927138 0.0831353919239905 0.04118268215417107
0 0.7490102929532858 0.82259767687434 0.13855898653998416 0.06230200633579725
19 0.9279493269992082 0.6969376979936642 0.14330958036421218 0.35480464625131997
19 0.4085510688836104 0.7148891235480465 0.35233570863024544 0.47624076029567053
0 0.9049881235154394 0.9218585005279831 0.12034837688044339 0.07602956705385427
0 0.9034045922406968 0.9271383315733897 0.1250989707046714 0.0791974656810982
2 0.9817893903404592 0.9408658922914467 0.03642121931908155 0.11826821541710665
13 0.9239904988123515 0.955649419218585 0.03483768804433888 0.08870116156282999
