18 0.5233570863024545 0.33051742344244983 0.02058590657165479 0.004223864836325237
17 0.5605700712589073 0.3400211193241816 0.007125890736342043 0.0031678986272439284
2 0.5447347585114806 0.3400211193241816 0.022169437846397466 0.022175290390707498
13 0.4552652414885194 0.3484688489968321 0.02454473475851148 0.007391763463569166
18 0.44972288202692 0.3495248152059134 0.02454473475851148 0.006335797254487857
16 0.5138558986539984 0.35691657866948256 0.013460015835312747 0.007391763463569166
2 0.4829770387965162 0.3558606124604013 0.014251781472684086 0.009503695881731784
17 0.5114806017418844 0.3632523759239704 0.021377672209026127 0.004223864836325237
18 0.45368171021377673 0.38965153115100315 0.026920031670625493 0.005279831045406547
17 0.41250989707046715 0.4044350580781415 0.0055423594615993665 0.0031678986272439284
15 0.4433887569279493 0.4065469904963041 0.04908946951702296 0.01900739176346357
15 0.4410134600158353 0.40865892291446676 0.052256532066508314 0.023231256599788808
2 0.47901821060965954 0.4699049630411827 0.0395882818685669 0.04118268215417107
0 0.43705463182897863 0.48468848996832103 0.018210609659540775 0.022175290390707498
18 0.2209026128266033 0.5121436114044351 0.04117181314330958 0.009503695881731784
0 0.440221694378464 0.5068637803590285 0.02929532858273951 0.025343189017951427
0 0.22169437846397466 0.5142555438225976 0.08867775138558986 0.04012671594508976
15 0.04196357878068092 0.6325237592397043 0.02929532858273951 0.01900739176346357
2 0.021377672209026127 0.8416050686378036 0.04275534441805225 0.13938753959873285
0 0.5455265241488519 0.32840549102428723 0.001583531274742676 0.0021119324181626186
0 0.5518606492478226 0.32840549102428723 0.007125890736342043 0.009503695881731784
13 0.5558194774346793 0.337909186906019 0.001583531274742676 0.0010559662090813093
2 0.5201900237529691 0.3347412882787751 0.003167062549485352 0.011615628299894404
13 0.5653206650831354 0.33896515311510034 0.003167062549485352 0.005279831045406547
18 0.5558194774346793 0.3400211193241816 0.0023752969121140144 0.0031678986272439284
15 0.5352335708630246 0.3495248152059134 0.003167062549485352 0.0010559662090813093
2 0.5273159144893111 0.34107708553326294 0.011876484560570071 0.01795142555438226
18 0.5098970704671417 0.3526927138331573 0.001583531274742676 0.0010559662090813093
19 0.4568487727632621 0.31784582893347413 0.052256532066508314 0.08447729672650475
17 0.5106888361045131 0.3611404435058078 0.014251781472684086 0.0031678986272439284
16 0.5154394299287411 0.3611404435058078 0.018210609659540775 0.008447729672650475
19 0.6302454473475851 0.32840549102428723 0.056215360253365 0.09714889123548047
2 0.46080760095011875 0.3727560718057022 0.0166270783847981 0.03167898627243928
2 0.4489311163895487 0.36958817317845827 0.021377672209026127 0.04329461457233368
18 0.47110055423594616 0.3907074973600845 0.00395882818685669 0.010559662090813094
19 0.4164687252573238 0.337909186906019 0.11243072050673 0.12038014783526928
0 0.45368171021377673 0.3928194297782471 0.02929532858273951 0.011615628299894404
19 0.007125890736342043 0.3928194297782471 0.014251781472684086 0.0337909186906019
13 0.40221694378463974 0.40760295670538543 0.028503562945368172 0.011615628299894404
0 0.4267616785431512 0.40760295670538543 0.03167062549485352 0.013727560718057022
0 0.4283452098178939 0.40865892291446676 0.03246239113222486 0.013727560718057022
2 0.39588281868566905 0.4044350580781415 0.019002375296912115 0.028511087645195353
0 0.40380047505938244 0.4149947201689546 0.014251781472684086 0.028511087645195353
19 0.5843230403800475 0.36958817317845827 0.0791765637371338 0.13833157338965152
2 0.3832145684877276 0.42133051742344246 0.011876484560570071 0.042238648363252376
2 0.505938242280285 0.43189017951425557 0.025336500395882817 0.026399155227032733
2 0.36342042755344417 0.42344244984160506 0.030878859857482184 0.06019007391763464
13 0.3475851148060174 0.45617740232312565 0.03721298495645289 0.006335797254487857
19 0.22565320665083136 0.38965153115100315 0.09501187648456057 0.15100316789862725
19 0.5241488519398259 0.42344244984160506 0.11163895486935867 0.191129883843717
13 0.23594615993665874 0.5205913410770855 0.03246239113222486 0.008447729672650475
13 0.21773555027711797 0.529039070749736 0.04275534441805225 0.02006335797254488
0 0.22406967537608868 0.5279831045406547 0.060174188440221696 0.03273495248152059
2 0.3452098178939034 0.5543822597676874 0.04196357878068092 0.04118268215417107
19 0.8796516231195566 0.45195353748680045 0.22327790973871733 0.25448785638859556
2 0.03246239113222486 0.5976768743400211 0.05146476642913698 0.057022175290390706
13 0.043547110055423596 0.6420274551214361 0.023752969121140142 0.008447729672650475
17 0.03721298495645289 0.6441393875395988 0.012668250197941409 0.013727560718057022
12 0.9936658749010293 0.5828933474128828 0.012668250197941409 0.1689545934530095
2 0.01741884402216944 0.6261879619852164 0.03483768804433888 0.0897571277719113
19 0.12034837688044339 0.5300950369588173 0.2414885193982581 0.9239704329461457
19 0.613618368962787 0.7486800422386484 0.2913697545526524 0.5015839493136219
