18 0.4346793349168646 0.2587117212249208 0.0055423594615993665 0.004223864836325237
13 0.4750593824228028 0.26399155227032733 0.014251781472684086 0.0021119324181626186
17 0.47901821060965954 0.26610348468849 0.01741884402216944 0.0031678986272439284
0 0.4552652414885194 0.2703273495248152 0.026128266033254157 0.005279831045406547
2 0.45447347585114806 0.26715945089757126 0.023752969121140142 0.022175290390707498
18 0.31353919239904987 0.27771911298838436 0.018210609659540775 0.006335797254487857
13 0.31908155186064924 0.27771911298838436 0.019002375296912115 0.008447729672650475
16 0.41250989707046715 0.28511087645195354 0.019002375296912115 0.011615628299894404
17 0.4053840063341251 0.28827877507919747 0.0166270783847981 0.005279831045406547
18 0.31116389548693585 0.3136219640971489 0.014251781472684086 0.0031678986272439284
17 0.25494853523357086 0.3262935586061246 0.011084718923198733 0.0031678986272439284
15 0.2747426761678543 0.3273495248152059 0.02454473475851148 0.01583949313621964
15 0.278701504354711 0.33157338965153116 0.038796516231195566 0.023231256599788808
2 0.3016627078384798 0.3928194297782471 0.01583531274742676 0.01900739176346357
0 0.2517814726840855 0.39809926082365366 0.02058590657165479 0.01795142555438226
18 0.010292953285827395 0.40971488912354803 0.015043547110055424 0.007391763463569166
0 0.023752969121140142 0.41077085533262936 0.04829770387965162 0.030623020063357972
0 0.23515439429928742 0.4160506863780359 0.022961203483768806 0.022175290390707498
0 0.47743467933491684 0.25976768743400214 0.00870942201108472 0.007391763463569166
13 0.4766429136975455 0.26293558606124606 0.01583531274742676 0.0031678986272439284
0 0.4750593824228028 0.2576557550158395 0.011084718923198733 0.014783526927138331
2 0.4386381631037213 0.26187961985216474 0.000791765637371338 0.005279831045406547
13 0.4821852731591449 0.26610348468849 0.01741884402216944 0.004223864836325237
18 0.4750593824228028 0.26715945089757126 0.011084718923198733 0.004223864836325237
2 0.43626286619160726 0.26504751847940866 0.006334125098970704 0.011615628299894404
15 0.4615993665874901 0.27666314677930304 0.000791765637371338 0.0010559662090813093
18 0.4220110847189232 0.2808870116156283 0.00395882818685669 0.004223864836325237
19 0.393507521773555 0.24181626187961985 0.047505938242280284 0.08130939809926083
17 0.4085510688836104 0.28827877507919747 0.0166270783847981 0.005279831045406547
16 0.41092636579572445 0.28722280887011614 0.0166270783847981 0.009503695881731784
19 0.5391923990498813 0.25131995776135163 0.05463182897862233 0.08342133051742344
2 0.31987331749802056 0.2988384371700106 0.014251781472684086 0.028511087645195353
2 0.31353919239904987 0.29567053854276665 0.01979414093428345 0.03907074973600845
0 0.31908155186064924 0.3146779303062302 0.023752969121140142 0.004223864836325237
18 0.3333333333333333 0.3146779303062302 0.006334125098970704 0.008447729672650475
13 0.25415676959619954 0.32840549102428723 0.011876484560570071 0.0031678986272439284
0 0.27078384798099764 0.33157338965153116 0.03167062549485352 0.011615628299894404
0 0.26999208234362626 0.33157338965153116 0.034045922406967535 0.012671594508975714
2 0.23990498812351543 0.3262935586061246 0.02058590657165479 0.024287222808870117
19 0.30403800475059384 0.27455121436114044 0.09184481393507522 0.12988384371700107
0 0.23119556611243072 0.3368532206969377 0.013460015835312747 0.024287222808870117
2 0.19714964370546317 0.34213305174234426 0.022169437846397466 0.03590285110876452
19 0.42042755344418054 0.30095036958817317 0.07442596991290577 0.12671594508975711
2 0.35629453681710216 0.35374868004223864 0.022961203483768806 0.024287222808870117
2 0.17339667458432304 0.34424498416050686 0.03167062549485352 0.050686378035902854
19 0.10055423594615993 0.3093980992608237 0.08076009501187649 0.1246040126715945
13 0.15756136183689629 0.36958817317845827 0.025336500395882817 0.006335797254487857
13 0.0166270783847981 0.4171066525871172 0.010292953285827395 0.007391763463569166
0 0.012668250197941409 0.4171066525871172 0.025336500395882817 0.013727560718057022
13 0.0023752969121140144 0.42555438225976766 0.004750593824228029 0.005279831045406547
19 0.283452098178939 0.3495248152059134 0.0958036421219319 0.16367476240760295
2 0.1163895486935867 0.4498416050686378 0.035629453681710214 0.03167898627243928
19 0.5265241488519399 0.39493136219640973 0.1021377672209026 0.21541710665258712
12 0.5589865399841647 0.49736008447729674 0.07759303246239113 0.17529039070749736
19 0.8519398258115598 0.47729672650475186 0.14806017418844022 0.27243928194297784
19 0.02058590657165479 0.5744456177402323 0.04196357878068092 0.3051742344244984
11 0.43784639746634996 0.778247096092925 0.16706254948535235 0.12882787750791974
19 0.8931116389548693 0.7602956705385427 0.21298495645288995 0.4783526927138332
10 0.6666666666666666 0.7212249208025343 0.30324623911322246 0.5575501583949314
