13 0.3745051464766429 0.03167898627243928 0.01583531274742676 0.0031678986272439284
17 0.37767220902612825 0.03484688489968321 0.019002375296912115 0.004223864836325237
0 0.35629453681710216 0.04329461457233368 0.026920031670625493 0.008447729672650475
0 0.3269992082343626 0.04329461457233368 0.004750593824228029 0.007391763463569166
2 0.35629453681710216 0.03907074973600845 0.02454473475851148 0.025343189017951427
2 0.31987331749802056 0.0454065469904963 0.01583531274742676 0.014783526927138331
16 0.31908155186064924 0.06546990496304118 0.021377672209026127 0.012671594508975714
17 0.31274742676167855 0.06969376979936642 0.019002375296912115 0.004223864836325237
13 0.22961203483768805 0.0675818373812038 0.022961203483768806 0.008447729672650475
18 0.22406967537608868 0.0675818373812038 0.021377672209026127 0.007391763463569166
18 0.22644497228820268 0.10982048574445617 0.014251781472684086 0.004223864836325237
17 0.1749802058590657 0.12988384371700107 0.011084718923198733 0.004223864836325237
15 0.2058590657165479 0.13093980992608237 0.04275534441805225 0.021119324181626188
15 0.2042755344418052 0.133051742344245 0.04671417260490895 0.025343189017951427
2 0.23119556611243072 0.19535374868004224 0.038796516231195566 0.04012671594508976
0 0.19319081551860648 0.21013727560718057 0.01979414093428345 0.02006335797254488
0 0.18606492478226444 0.23231256599788808 0.02454473475851148 0.022175290390707498
0 0.000791765637371338 0.24604012671594508 0.0023752969121140144 0.006335797254487857
0 0.3745051464766429 0.026399155227032733 0.00791765637371338 0.008447729672650475
13 0.3745051464766429 0.030623020063357972 0.0166270783847981 0.0031678986272439284
0 0.37292161520190026 0.025343189017951427 0.011876484560570071 0.01689545934530095
13 0.3808392715756136 0.03273495248152059 0.019002375296912115 0.005279831045406547
18 0.3737133808392716 0.03590285110876452 0.011876484560570071 0.005279831045406547
18 0.3262074425969913 0.04963041182682154 0.00791765637371338 0.0031678986272439284
2 0.32937450514647665 0.04329461457233368 0.0023752969121140144 0.01795142555438226
2 0.33570863024544734 0.046462513199577615 0.013460015835312747 0.023231256599788808
19 0.2771179730799683 0.028511087645195353 0.04671417260490895 0.05807814149947202
18 0.3246239113222486 0.057022175290390706 0.007125890736342043 0.005279831045406547
17 0.3143309580364212 0.0675818373812038 0.018210609659540775 0.005279831045406547
16 0.3182897862232779 0.0675818373812038 0.019002375296912115 0.009503695881731784
19 0.4513064133016627 0.03907074973600845 0.0395882818685669 0.0781414994720169
2 0.23436262866191607 0.09292502639915523 0.0166270783847981 0.03167898627243928
19 0.1995249406175772 0.05385427666314678 0.10688836104513064 0.10876451953537487
2 0.22486144101346 0.08870116156282999 0.01979414093428345 0.044350580781414996
18 0.2509897070467142 0.10665258711721225 0.00395882818685669 0.009503695881731784
0 0.22406967537608868 0.11510031678986272 0.018210609659540775 0.010559662090813094
13 0.17577197149643706 0.13093980992608237 0.012668250197941409 0.007391763463569166
0 0.19398258115597783 0.133051742344245 0.03483768804433888 0.01689545934530095
0 0.1955661124307205 0.1341077085533263 0.035629453681710214 0.01689545934530095
2 0.15993665874901028 0.13199577613516367 0.01979414093428345 0.029567053854276663
19 0.342042755344418 0.08764519535374868 0.08076009501187649 0.13938753959873285
0 0.1583531274742676 0.1457233368532207 0.013460015835312747 0.027455121436114043
2 0.283452098178939 0.15100316789862725 0.022169437846397466 0.025343189017951427
2 0.12826603325415678 0.15522703273495247 0.02454473475851148 0.04012671594508976
2 0.10688836104513064 0.16050686378035903 0.03800475059382423 0.057022175290390706
13 0.09501187648456057 0.191129883843717 0.03167062549485352 0.006335797254487857
19 0.02454473475851148 0.12143611404435058 0.04908946951702296 0.1446673706441394
19 0.22961203483768805 0.1583949313621964 0.10688836104513064 0.17423442449841606
19 0.48931116389548696 0.1900739176346357 0.11480601741884403 0.20485744456177402
2 0.08155186064924783 0.2819429778247096 0.03721298495645289 0.0337909186906019
12 0.5407759303246239 0.28299894403379094 0.055423594615993665 0.1573389651531151
19 0.7767220902612827 0.2555438225976769 0.10134600158353127 0.2365364308342133
19 0.07521773555027712 0.4149947201689546 0.15122723673792557 0.2734952481520591
11 0.5051464766429137 0.5163674762407603 0.13064133016627077 0.08553326293558607
10 0.6912114014251781 0.4625131995776135 0.22327790973871733 0.4656810982048574
19 0.8836104513064132 0.5216473072861668 0.2327790973871734 0.4593453009503696
