18 0.6555819477434679 0.47412882787750793 0.035629453681710214 0.021119324181626188
17 0.4101346001583531 0.5258711721224921 0.02058590657165479 0.022175290390707498
13 0.34441805225653205 0.5311510031678986 0.05304829770387965 0.014783526927138331
2 0.5566112430720507 0.5131995776135164 0.06492478226444973 0.0791974656810982
0 0.5106888361045131 0.5385427666314678 0.04908946951702296 0.03907074973600845
16 0.8693586698337292 0.5638859556494192 0.03167062549485352 0.01795142555438226
0 0.498812351543943 0.5533262935586061 0.06413301662707839 0.046462513199577615
17 0.8923198733174981 0.5955649419218585 0.026128266033254157 0.03801478352692714
21 0.9588281868566905 0.24392819429778248 0.011876484560570071 0.057022175290390706
3 0.9920823436262867 0.25131995776135163 0.01583531274742676 0.059134107708553325
7 0.9635787806809184 0.27666314677930304 0.06967537608867776 0.01795142555438226
23 0.7458432304038005 0.2734952481520591 0.08234362628661916 0.06019007391763464
3 0.6634996041171813 0.2682154171066526 0.05463182897862233 0.08447729672650475
23 0.7434679334916865 0.4118268215417107 0.08234362628661916 0.10348468848996832
0 0.32304038004750596 0.5121436114044351 0.04196357878068092 0.03590285110876452
0 0.3832145684877276 0.5058078141499472 0.0395882818685669 0.05807814149947202
18 0.41963578780680916 0.5269271383315733 0.011876484560570071 0.01795142555438226
13 0.3404592240696754 0.5300950369588173 0.04908946951702296 0.012671594508975714
13 0.4077593032462391 0.5237592397043295 0.012668250197941409 0.027455121436114043
19 0.5684877276326208 0.4382259767687434 0.10292953285827396 0.21858500527983105
15 0.4908946951702296 0.5448785638859557 0.1417260490894695 0.023231256599788808
18 0.505938242280285 0.5406546990496304 0.030878859857482184 0.03590285110876452
2 0.6579572446555819 0.5237592397043295 0.04908946951702296 0.09503695881731784
2 0.6080760095011877 0.5237592397043295 0.04829770387965162 0.09503695881731784
18 0.564528899445764 0.5649419218585006 0.026920031670625493 0.03695881731784583
18 0.6603325415676959 0.573389651531151 0.08709422011084719 0.024287222808870117
16 0.8725257323832145 0.5786694825765576 0.04908946951702296 0.01795142555438226
17 0.8622327790973872 0.5976768743400211 0.022961203483768806 0.026399155227032733
19 0.08630245447347586 0.5227032734952481 0.17339667458432304 0.5512143611404435
