2 0.5653206650831354 0.4804646251319958 0.025336500395882817 0.027455121436114043
13 0.5312747426761678 0.4910242872228089 0.03167062549485352 0.03801478352692714
15 0.5288994457640538 0.5026399155227033 0.09026128266033254 0.01900739176346357
2 0.4718923198733175 0.5332629355860612 0.018210609659540775 0.01689545934530095
14 0.7268408551068883 0.6304118268215417 0.06413301662707839 0.03590285110876452
18 0.613618368962787 0.6642027455121436 0.034045922406967535 0.01900739176346357
0 0.5653206650831354 0.6103484688489969 0.19873317498020585 0.16367476240760295
0 0.1702296120348377 0.7771911298838438 0.07046714172604909 0.057022175290390706
2 0.007125890736342043 0.8817317845828934 0.014251781472684086 0.06546990496304118
14 0.9034045922406968 0.9978880675818373 0.011084718923198733 0.004223864836325237
17 0.4718923198733175 0.9852164730728616 0.025336500395882817 0.028511087645195353
15 0.16547901821060965 0.9746568109820486 0.06334125098970704 0.050686378035902854
15 0.0855106888361045 0.9767687434002112 0.17181314330958036 0.0454065469904963
19 0.9794140934283452 0.2122492080253432 0.040380047505938245 0.10454065469904963
2 0.5399841646872525 0.46462513199577615 0.02454473475851148 0.01900739176346357
2 0.5312747426761678 0.4783526927138332 0.027711797307996833 0.04118268215417107
17 0.5566112430720507 0.5026399155227033 0.0166270783847981 0.006335797254487857
2 0.5399841646872525 0.48785638859556496 0.027711797307996833 0.042238648363252376
13 0.5352335708630246 0.5079197465681098 0.027711797307996833 0.004223864836325237
0 0.5439429928741093 0.5026399155227033 0.04117181314330958 0.029567053854276663
19 0.43626286619160726 0.36642027455121434 0.13539192399049882 0.31045406546990495
19 0.1955661124307205 0.4604012671594509 0.12114014251781473 0.1900739176346357
13 0.5779889152810768 0.5659978880675819 0.06809184481393507 0.01900739176346357
19 0.6920031670625495 0.3790918690601901 0.15676959619952494 0.4530095036958817
13 0.48693586698337293 0.6114044350580782 0.04829770387965162 0.013727560718057022
2 0.41963578780680916 0.5480464625131996 0.08709422011084719 0.17845828933474128
13 0.6460807600950119 0.6504751847940866 0.03483768804433888 0.01900739176346357
2 0.3974663499604117 0.5987328405491025 0.0791765637371338 0.16050686378035903
0 0.6286619160728424 0.6610348468848997 0.052256532066508314 0.054910242872228086
0 0.29691211401425177 0.6800422386483632 0.0688836104513064 0.1583949313621964
19 0.04117181314330958 0.5036958817317846 0.08234362628661916 0.529039070749736
2 0.4014251781472684 0.8331573389651531 0.20665083135391923 0.3146779303062302
13 0.5075217735550277 0.9873284054910243 0.05463182897862233 0.025343189017951427
0 0.13460015835312747 0.9567053854276664 0.25653206650831356 0.08553326293558607
0 0.12114014251781473 0.9577613516367476 0.24307205067300078 0.08342133051742344
