2 0.5819477434679335 0.3252375923970433 0.038796516231195566 0.03273495248152059
13 0.49643705463182897 0.33051742344244983 0.04196357878068092 0.048574445617740235
15 0.503562945368171 0.3474128827877508 0.10372129849564529 0.023231256599788808
14 0.7038796516231196 0.5237592397043295 0.09184481393507522 0.0559662090813094
18 0.5193982581155978 0.5586061246040127 0.02929532858273951 0.0337909186906019
0 0.4837688044338876 0.48891235480464623 0.25257323832145684 0.23336853220696938
2 0.5170229612034838 0.3051742344244984 0.03483768804433888 0.028511087645195353
2 0.5486935866983373 0.31784582893347413 0.02929532858273951 0.05385427666314678
17 0.5391923990498813 0.3484688489968321 0.027711797307996833 0.009503695881731784
2 0.517814726840855 0.32840549102428723 0.04196357878068092 0.054910242872228086
13 0.5273159144893111 0.35691657866948256 0.03483768804433888 0.006335797254487857
0 0.5138558986539984 0.3453009503695882 0.04829770387965162 0.03801478352692714
19 0.4220110847189232 0.19429778247096094 0.166270783847981 0.3885955649419219
19 0.15201900237529692 0.2946145723336853 0.1417260490894695 0.21752903907074975
13 0.4267616785431512 0.42133051742344246 0.07046714172604909 0.027455121436114043
19 0.7086302454473475 0.24392819429778248 0.220110847189232 0.48891235480464623
13 0.10451306413301663 0.48468848996832103 0.12430720506730007 0.025343189017951427
2 0.02454473475851148 0.3632523759239704 0.04908946951702296 0.30095036958817317
13 0.5756136183689627 0.545934530095037 0.030087094220110848 0.029567053854276663
0 0.5384006334125099 0.5596620908130939 0.09105304829770387 0.08342133051742344
