18 0.5249406175771971 0.39704329461457233 0.007125890736342043 0.004223864836325237
17 0.5542359461599367 0.40549102428722283 0.007125890736342043 0.0031678986272439284
2 0.5391923990498813 0.40549102428722283 0.021377672209026127 0.022175290390707498
18 0.44813935075217737 0.4139387539598733 0.026128266033254157 0.005279831045406547
13 0.45368171021377673 0.4139387539598733 0.02454473475851148 0.007391763463569166
2 0.4742676167854315 0.42027455121436114 0.014251781472684086 0.014783526927138331
16 0.5146476642913698 0.4244984160506864 0.022169437846397466 0.010559662090813094
17 0.5083135391923991 0.42872228088701164 0.022169437846397466 0.004223864836325237
18 0.45209817893903403 0.45617740232312565 0.027711797307996833 0.006335797254487857
17 0.4140934283452098 0.470960929250264 0.001583531274742676 0.0021119324181626186
15 0.4433887569279493 0.4720168954593453 0.05146476642913698 0.01900739176346357
15 0.4418052256532066 0.47412882787750793 0.053840063341250986 0.023231256599788808
2 0.4821852731591449 0.5374868004223865 0.040380047505938245 0.044350580781414996
0 0.440221694378464 0.5533262935586061 0.018210609659540775 0.022175290390707498
0 0.44576405384006335 0.5755015839493136 0.03167062549485352 0.026399155227032733
18 0.21773555027711797 0.5850052798310454 0.04592240696753761 0.010559662090813094
0 0.21852731591448932 0.5860612460401268 0.09501187648456057 0.04329461457233368
15 0.028503562945368172 0.723336853220697 0.043547110055423596 0.023231256599788808
2 0.011084718923198733 0.9176346356916578 0.022169437846397466 0.06019007391763464
0 0.5447347585114806 0.3928194297782471 0.007125890736342043 0.005279831045406547
0 0.5376088677751386 0.3938753959873284 0.0023752969121140144 0.0031678986272439284
13 0.555027711797308 0.40549102428722283 0.010292953285827395 0.004223864836325237
18 0.55027711797308 0.4065469904963041 0.001583531274742676 0.004223864836325237
18 0.5075217735550277 0.4149947201689546 0.011084718923198733 0.0031678986272439284
2 0.5146476642913698 0.4160506863780359 0.00395882818685669 0.006335797254487857
2 0.5225653206650831 0.40971488912354803 0.011876484560570071 0.023231256599788808
18 0.5106888361045131 0.42027455121436114 0.009501187648456057 0.004223864836325237
19 0.4489311163895487 0.382259767687434 0.05304829770387965 0.08025343189017951
17 0.5067300079176563 0.426610348468849 0.014251781472684086 0.0031678986272439284
16 0.5130641330166271 0.426610348468849 0.021377672209026127 0.008447729672650475
19 0.6239113222486145 0.3938753959873284 0.056215360253365 0.09714889123548047
2 0.4600158353127474 0.4382259767687434 0.0166270783847981 0.03167898627243928
2 0.447347585114806 0.4350580781414995 0.022961203483768806 0.04329461457233368
18 0.47030878859857483 0.4551214361140444 0.00395882818685669 0.009503695881731784
0 0.45288994457640536 0.4593453009503696 0.02929532858273951 0.010559662090813094
19 0.41250989707046715 0.4033790918690602 0.11559778305621536 0.1235480464625132
13 0.41330166270783847 0.470960929250264 0.004750593824228029 0.006335797254487857
0 0.4283452098178939 0.47412882787750793 0.03167062549485352 0.013727560718057022
0 0.4259699129057799 0.47412882787750793 0.03246239113222486 0.014783526927138331
2 0.39429928741092635 0.4699049630411827 0.01979414093428345 0.028511087645195353
0 0.40459224069675376 0.4815205913410771 0.014251781472684086 0.029567053854276663
19 0.5851148060174188 0.4350580781414995 0.07996832937450514 0.13938753959873285
2 0.38558986539984164 0.48680042238648363 0.011084718923198733 0.04329461457233368
2 0.505938242280285 0.498416050686378 0.026128266033254157 0.027455121436114043
2 0.36500395882818687 0.48996832101372756 0.030878859857482184 0.06230200633579725
13 0.3491686460807601 0.5237592397043295 0.0395882818685669 0.006335797254487857
19 0.21852731591448932 0.457233368532207 0.10055423594615993 0.1562829989440338
19 0.5328582739509106 0.48891235480464623 0.11480601741884403 0.19746568109820486
13 0.23040380047505937 0.5913410770855333 0.04275534441805225 0.013727560718057022
13 0.21456848772763262 0.6029567053854277 0.04671417260490895 0.021119324181626188
0 0.22169437846397466 0.6029567053854277 0.06413301662707839 0.03590285110876452
19 0.8915281076801267 0.5142555438225976 0.2161520190023753 0.26293558606124606
2 0.3491686460807601 0.6282998944033791 0.04433887569279493 0.0454065469904963
2 0.02454473475851148 0.6810982048574445 0.04908946951702296 0.0665258711721225
13 0.02454473475851148 0.73389651531151 0.026128266033254157 0.009503695881731784
17 0.01741884402216944 0.737064413938754 0.014251781472684086 0.01583949313621964
2 0.007125890736342043 0.7138331573389651 0.014251781472684086 0.08764519535374868
19 0.7062549485352335 0.7803590285110876 0.33966745843230406 0.4382259767687434
19 0.1250989707046714 0.5417106652587117 0.2509897070467142 0.9155227032734953
