13 0.8622327790973872 0.8870116156282999 0.056215360253365 0.06863780359028511
15 0.8923198733174981 0.9176346356916578 0.15281076801266824 0.03484688489968321
0 0.6294536817102138 0.9514255543822597 0.04829770387965162 0.029567053854276663
19 0.9580364212193191 0.4614572333685322 0.08392715756136183 0.36642027455121434
6 0.00395882818685669 0.6568109820485745 0.00870942201108472 0.02006335797254488
19 0.01979414093428345 0.7159450897571278 0.011084718923198733 0.024287222808870117
19 0.02454473475851148 0.6536430834213305 0.04908946951702296 0.17529039070749736
19 0.28741092636579574 0.7940865892291447 0.0831353919239905 0.06230200633579725
2 0.9081551860649247 0.8711721224920802 0.06492478226444973 0.07391763463569166
2 0.9730799683293745 0.8785638859556494 0.053840063341250986 0.08236536430834214
2 0.9049881235154394 0.8880675818373812 0.07046714172604909 0.08130939809926083
17 0.9667458432304038 0.9229144667370645 0.009501187648456057 0.01900739176346357
13 0.9247822644497229 0.9324181626187962 0.07125890736342043 0.012671594508975714
0 0.8939034045922407 0.91129883843717 0.07600950118764846 0.05807814149947202
19 0.782264449722882 0.7265047518479408 0.19319081551860648 0.4371700105596621
11 0.2992874109263658 0.9398099260823654 0.06730007917656373 0.04329461457233368
19 0.5209817893903405 0.856388595564942 0.11480601741884403 0.21752903907074975
10 0.23832145684877276 0.8848996832101372 0.21536025336500395 0.16578669482576558
13 0.6215360253365004 0.9926082365364308 0.03167062549485352 0.013727560718057022
2 0.0791765637371338 0.8616684266103485 0.15914489311163896 0.27560718057022177
